ERCOFTAC database: Le&Moin et al, 1997 DNS: 3d backward facing step, Re=5100
Y/h
0.000000000000, 0.000439670000, 0.001043870000, 0.001780180000, 0.002677200000, 0.003769640000, 0.005099480000, 0.006717440000, 0.008684700000, 0.011074800000, 0.013975800000, 0.017492800000, 0.021750800000, 0.026897100000, 0.033104100000, 0.040572200000, 0.049530700000, 0.060238800000, 0.072983800000, 0.088076400000, 0.105842000000, 0.126607000000, 0.150677000000, 0.178315000000, 0.209702000000, 0.244906000000, 0.283845000000, 0.326256000000, 0.371680000000, 0.628320000000, 0.673744000000, 0.716155000000, 0.755094000000, 0.790298000000, 0.821685000000, 0.849323000000, 0.873393000000, 0.894158000000, 0.911923600000, 0.927016200000, 0.939761200000, 0.950469300000, 0.959427800000, 0.966895900000, 0.973102900000, 0.978249200000, 0.982507200000, 0.986024200000, 0.988925200000, 0.991315300000, 0.993282560000, 0.994900520000, 0.996230360000, 0.997322800000, 0.998219820000, 0.998956130000, 0.999560330000, 1.000000000000, 

eps/(U_max^3 * h)
0.009565790000, 0.008641610000, 0.007336230000, 0.005689520000, 0.004715130000, 0.004383650000, 0.004079390000, 0.003613480000, 0.003012510000, 0.002431020000, 0.002025010000, 0.001666100000, 0.001338600000, 0.001045760000, 0.000796578000, 0.000606925000, 0.000446044000, 0.000309472000, 0.000181557000, 0.000095553900, 0.000037888700, 0.000008739250, 0.000001187190, 0.000000308006, 0.000000120553, 0.000000014871, 0.000000003019, 0.000000000653, 0.000000000145, 0.000000000145, 0.000000000653, 0.000000003019, 0.000000014871, 0.000000120553, 0.000000308006, 0.000001187190, 0.000008739250, 0.000037888700, 0.000095553900, 0.000181557000, 0.000309472000, 0.000446044000, 0.000606925000, 0.000796578000, 0.001045760000, 0.001338600000, 0.001666100000, 0.002025010000, 0.002431020000, 0.003012510000, 0.003613480000, 0.004079390000, 0.004383650000, 0.004715130000, 0.005689520000, 0.007336230000, 0.008641610000, 0.009565790000, 

U_max
1.006470000000

h
1.0