   0.    3.18070E-02
     2.00000E-02    3.18450E-02
     6.00000E-02    3.19040E-02
    0.140000    3.20340E-02
    0.300000    3.22510E-02
    0.620000    3.27610E-02
     1.26000    3.37740E-02
     2.54000    3.58520E-02
     3.82000    3.80540E-02
     5.10000    4.03860E-02
     6.38000    4.28590E-02
     7.66000    4.54920E-02
     8.94000    4.83170E-02
    10.22000    5.12890E-02
     11.5000    5.43850E-02
     12.7800    5.77650E-02
     14.0600    6.12930E-02
     15.3400    6.49980E-02
     16.6200    6.89880E-02
     17.9000    7.31050E-02
     19.1800    7.75500E-02
     19.8200    7.98860E-02
     20.4600    8.22110E-02
     21.1000    8.46480E-02
     21.7400    8.71270E-02
     22.3800    8.97430E-02
     23.0200    9.23220E-02
     23.6600    9.50440E-02
     24.3000    9.78630E-02
     24.9400    1.00699E-01
     25.5800    1.03673E-01
     26.2200   0.106682
     26.8600   0.109737
     27.5000   0.112946
     28.1400   0.116200
     28.7800   0.119567
     29.4200   0.122961
     30.0600   0.126499
     30.7000   0.130106
     31.3400   0.133784
     31.9800   0.137592
     32.6200   0.141447
     33.2600   0.145377
     33.9000   0.149463
     34.5400   0.153636
     35.1800   0.157927
     35.8200   0.162250
     36.1400   0.164475
     36.4600   0.166726
     36.7800   0.169039
     37.1000   0.171255
     37.4200   0.173527
     37.7400   0.175896
     38.0600   0.178272
     38.3800   0.180687
     38.7000   0.183144
     39.0200   0.185516
     39.3400   0.187999
     39.6600   0.190494
     39.9800   0.193024
     40.3000   0.195527
     40.6200   0.198151
     40.9400   0.200715
     41.2600   0.203361
     41.5800   0.206009
     41.9000   0.208705
     42.2200   0.211389
     42.5400   0.214178
     42.8600   0.216867
     43.1800   0.219665
     43.5000   0.222476
     43.8200   0.225381
     44.1400   0.228242
     44.4600   0.231094
     44.7800   0.234072
     45.1000   0.236992
     45.4200   0.240027
     45.7400   0.243029
     46.0600   0.246033
     46.3800   0.249130
     46.7000   0.252226
     47.0200   0.255370
     47.3400   0.258529
     47.6600   0.261689
     47.9800   0.264876
     48.3000   0.268139
     48.6200   0.271383
     48.9400   0.274661
     49.2600   0.277985
     49.5800   0.281377
     49.9000   0.284723
     50.2200   0.288182
     50.5400   0.291655
     50.8600   0.295089
     51.1800   0.298597
     51.5000   0.302145
     51.8200   0.305738
     52.1400   0.309254
     52.4600   0.312893
     52.7800   0.316576
     53.1000   0.320239
     53.4200   0.323968
     53.7400   0.327714
     54.0600   0.331455
     54.3800   0.335354
     54.7000   0.339174
     55.0200   0.342990
     55.3400   0.346911
     55.6600   0.350861
     55.9800   0.354781
     56.3000   0.358777
     56.6200   0.362813
     56.9400   0.366838
     57.2600   0.370930
     57.5800   0.375054
     57.9000   0.379156
     58.2200   0.383374
     58.5400   0.387584
     58.8600   0.391830
     59.1800   0.396096
     59.5000   0.400418
     59.8200   0.404789
     60.1400   0.409094
     60.4600   0.413517
     60.7800   0.417961
     61.1000   0.422379
     61.4200   0.426834
     61.7400   0.431379
     61.9000   0.433606
     62.0600   0.435924
     62.2200   0.438175
     62.3800   0.440473
     62.5400   0.442716
     62.7000   0.445017
     62.8600   0.447333
     63.0200   0.449603
     63.1800   0.451962
     63.3400   0.454303
     63.5000   0.456581
     63.6600   0.458960
     63.8200   0.461293
     63.9800   0.463648
     64.1400   0.466027
     64.3000   0.468357
     64.4600   0.470777
     64.6200   0.473062
     64.7800   0.475476
     64.9400   0.477862
     65.1000   0.480205
     65.2600   0.482664
     65.4200   0.485008
     65.5800   0.487420
     65.7400   0.489819
     65.9000   0.492201
     66.0600   0.494621
     66.2200   0.496967
     66.3800   0.499394
     66.5400   0.501777
     66.7000   0.504243
     66.8600   0.506592
     67.0200   0.509047
     67.1800   0.511423
     67.3400   0.513729
     67.5000   0.516182
     67.6600   0.518556
     67.8200   0.520956
     67.9800   0.523368
     68.1400   0.525752
     68.3000   0.528161
     68.4600   0.530627
     68.6200   0.532917
     68.7800   0.535301
     68.9400   0.537738
     69.1000   0.540063
     69.2600   0.542415
     69.4200   0.544762
     69.5800   0.547120
     69.7400   0.549458
     69.9000   0.551825
     70.0600   0.554138
     70.2200   0.556424
     70.3800   0.558671
     70.5400   0.561007
     70.7000   0.563276
     70.8600   0.565487
     71.0200   0.567744
     71.1800   0.569959
     71.3400   0.572195
     71.5000   0.574360
     71.6600   0.576481
     71.8200   0.578600
     71.9800   0.580765
     72.1400   0.582844
     72.3000   0.584889
     72.4600   0.586958
     72.6200   0.588914
     72.7800   0.590974
     72.9400   0.592936
     73.1000   0.594866
     73.2600   0.596756
     73.4200   0.598688
     73.5800   0.600518
     73.7400   0.602372
     73.9000   0.604185
     74.0600   0.605838
     74.2200   0.607608
     74.3800   0.609267
     74.5400   0.610991
     74.7000   0.612558
     74.8600   0.614173
     75.0200   0.615696
     75.1800   0.617149
     75.3400   0.618612
     75.5000   0.620008
     75.6600   0.621491
     75.8200   0.622796
     75.9800   0.624106
     76.1400   0.625327
     76.3000   0.626561
     76.4600   0.627795
     76.6200   0.628920
     76.7800   0.630015
     76.9400   0.631115
     77.1000   0.632153
     77.2600   0.633119
     77.4200   0.634109
     77.5800   0.635097
     77.7400   0.636004
     77.9000   0.636887
     78.0600   0.637710
     78.2200   0.638550
     78.3800   0.639370
     78.5400   0.640113
     78.7000   0.640854
     78.8600   0.641559
     79.0200   0.642298
     79.1800   0.642941
     79.3400   0.643582
     79.5000   0.644192
     79.6600   0.644804
     79.8200   0.645376
     79.9800   0.645988
     80.1400   0.646521
     80.3000   0.647087
     80.4600   0.647605
     80.6200   0.648065
     80.7800   0.648558
     80.9400   0.649023
     81.1000   0.649489
     81.2600   0.649921
     81.4200   0.650372
     81.5800   0.650820
     81.7400   0.651230
     81.9000   0.651690
     82.0600   0.652084
     82.2200   0.652451
     82.3800   0.652850
     82.5400   0.653259
     82.7000   0.653671
     82.8600   0.654018
     83.0200   0.654391
     83.1800   0.654737
     83.3400   0.655057
     83.5000   0.655444
     83.6600   0.655811
     83.8200   0.656141
     83.9800   0.656460
     84.1400   0.656787
     84.3000   0.657134
     84.4600   0.657489
     84.6200   0.657759
     84.7800   0.658085
     84.9400   0.658406
     85.1000   0.658752
     85.2600   0.659080
     85.4200   0.659373
     85.5800   0.659652
     85.7400   0.659970
     85.9000   0.660279
     86.0600   0.660621
     86.2200   0.660918
     86.3800   0.661227
     86.5400   0.661465
     86.7000   0.661747
     86.8600   0.662042
     87.0200   0.662341
     87.3400   0.662916
     87.6600   0.663453
     87.9800   0.664043
     88.3000   0.664604
     88.6200   0.665193
     88.9400   0.665727
     89.2600   0.666268
     89.5800   0.666789
     89.9000   0.667310
     90.2200   0.667808
     90.5400   0.668309
     90.8600   0.668827
     91.1800   0.669314
     91.5000   0.669869
     91.8200   0.670330
     92.1400   0.670842
     92.4600   0.671295
     92.7800   0.671789
     93.1000   0.672301
     93.4200   0.672799
     93.7400   0.673270
     94.0600   0.673761
     94.3800   0.674203
     94.7000   0.674730
     95.0200   0.675202
     95.3400   0.675653
     95.6600   0.676134
     95.9800   0.676588
     96.3000   0.677010
     96.6200   0.677463
     96.9400   0.677969
     97.2600   0.678444
     97.5800   0.678956
     97.9000   0.679393
     98.2200   0.679842
     98.5400   0.680314
     98.8600   0.680728
     99.1800   0.681178
     99.5000   0.681627
     99.8200   0.682038
    100.1400   0.682478
    100.4600   0.682946
    100.7800   0.683371
    101.1000   0.683836
    101.4200   0.684256
    101.7400   0.684652
    102.0600   0.685045
    102.3800   0.685494
    102.7000   0.685914
    103.0200   0.686354
    103.3400   0.686786
    103.6600   0.687231
    103.9800   0.687640
    104.3000   0.688064
    104.6200   0.688446
    104.9400   0.688860
     105.260   0.689282
     105.580   0.689653
     105.900   0.690072
     106.220   0.690459
     106.540   0.690860
     106.860   0.691276
     107.180   0.691677
     107.500   0.692128
     107.820   0.692510
     108.140   0.692854
     108.460   0.693274
     108.780   0.693657
     109.100   0.694018
     109.420   0.694418
     109.740   0.694815
     110.060   0.695228
     110.380   0.695579
     110.700   0.695951
     111.020   0.696326
     111.340   0.696701
     111.660   0.697094
     112.300   0.697815
     112.940   0.698511
     113.580   0.699227
     114.220   0.699942
     114.860   0.700649
     115.500   0.701388
     116.140   0.702105
     116.780   0.702799
     117.420   0.703474
     118.060   0.704154
     118.700   0.704845
     119.340   0.705511
     119.980   0.706175
     120.620   0.706786
     121.260   0.707469
     121.900   0.708100
     122.540   0.708787
     123.180   0.709403
     123.820   0.710000
     124.460   0.710638
     125.100   0.711211
     125.740   0.711821
     126.380   0.712418
     127.020   0.713057
     127.660   0.713631
     128.300   0.714212
     128.940   0.714750
     129.580   0.715350
     130.220   0.715900
     130.860   0.716434
     131.500   0.716987
     132.140   0.717500
     132.780   0.718069
     133.420   0.718575
     134.060   0.719132
     134.700   0.719681
     135.340   0.720240
     135.980   0.720699
     136.620   0.721210
     137.260   0.721704
     137.900   0.722195
     138.540   0.722740
     139.180   0.723219
     139.820   0.723694
     140.460   0.724144
     141.100   0.724651
     141.740   0.725141
     142.380   0.725597
     143.020   0.726016
     143.660   0.726478
     144.300   0.726936
     144.940   0.727332
     145.580   0.727779
     146.220   0.728223
     146.860   0.728647
     147.500   0.729102
     148.140   0.729519
     148.780   0.729967
     149.420   0.730378
     150.060   0.730802
     150.700   0.731239
     151.340   0.731606
     151.980   0.732017
     152.620   0.732467
     153.260   0.732804
     153.900   0.733191
     154.540   0.733561
     155.180   0.733989
     155.820   0.734402
     156.460   0.734813
     157.100   0.735142
     157.740   0.735525
     158.380   0.735872
     159.020   0.736250
     159.660   0.736585
     160.300   0.736922
     160.940   0.737307
     161.580   0.737631
     162.220   0.738011
     162.860   0.738359
     163.500   0.738658
     164.140   0.739024
     164.780   0.739340
     165.420   0.739662
     166.060   0.740006
     166.700   0.740323
     167.340   0.740653
     167.980   0.740995
     168.620   0.741333
     169.260   0.741641
     169.900   0.741972
     170.540   0.742292
     171.180   0.742615
     171.820   0.742938
     172.460   0.743245
     173.100   0.743588
     173.740   0.743874
     174.380   0.744123
     175.020   0.744485
     175.660   0.744783
     176.300   0.745083
     176.940   0.745377
     177.580   0.745658
     178.220   0.745933
     178.860   0.746239
     179.500   0.746558
     180.140   0.746818
     180.780   0.747094
     181.420   0.747390
     182.060   0.747675
     182.700   0.747975
     183.340   0.748281
     183.980   0.748525
     184.620   0.748819
     185.260   0.749104
     185.900   0.749382
     186.540   0.749662
     187.180   0.749945
     187.820   0.750241
     188.460   0.750503
     189.100   0.750776
     189.740   0.751042
     190.380   0.751310
     191.020   0.751536
     191.660   0.751761
     192.300   0.752044
     192.940   0.752326
     193.580   0.752571
     194.220   0.752807
     194.860   0.753059
     195.500   0.753319
     196.140   0.753578
     196.780   0.753804
     197.420   0.754048
     198.060   0.754308
     198.700   0.754548
     199.340   0.754810
     199.980   0.755049
     200.620   0.755300
     201.260   0.755522
     201.900   0.755746
     202.540   0.755968
     203.180   0.756228
     203.820   0.756438
     204.460   0.756669
     205.100   0.756916
     205.740   0.757127
     206.380   0.757378
     207.020   0.757617
     207.660   0.757895
     208.300   0.758171
     208.940   0.758374
     209.580   0.758577
     210.220   0.758774
     210.860   0.759012
     211.500   0.759246
     212.140   0.759479
     212.780   0.759670
     213.420   0.759879
     214.060   0.760039
     214.700   0.760249
     215.340   0.760502
     215.980   0.760699
     216.620   0.760903
     217.260   0.761150
     218.540   0.761590
     219.820   0.761963
     221.100   0.762420
     222.380   0.762813
     223.660   0.763165
     224.940   0.763564
     226.220   0.763924
     227.500   0.764295
     228.780   0.764639
     230.060   0.765056
     231.340   0.765434
     232.620   0.765860
     233.900   0.766217
     235.180   0.766576
     236.460   0.766973
     237.740   0.767320
     239.020   0.767644
     240.300   0.768017
     241.580   0.768368
     242.860   0.768708
     244.140   0.769042
     245.420   0.769395
     246.700   0.769740
     247.980   0.770055
     249.260   0.770374
     250.540   0.770720
     251.820   0.771082
     253.100   0.771389
     254.380   0.771703
     255.660   0.772033
     256.940   0.772352
     258.220   0.772642
     259.500   0.772953
     260.780   0.773246
     262.060   0.773601
     263.340   0.773861
     264.620   0.774169
     265.900   0.774496
     267.180   0.774756
     268.460   0.775062
     269.740   0.775349
     271.020   0.775627
     272.300   0.775916
     273.580   0.776221
     274.860   0.776518
     276.140   0.776820
     277.420   0.777100
     278.700   0.777361
     279.980   0.777642
     281.260   0.777932
     282.540   0.778202
     283.820   0.778428
     285.100   0.778711
     286.380   0.778999
     287.660   0.779263
     288.940   0.779534
     290.220   0.779794
     291.500   0.780090
     292.780   0.780288
     294.060   0.780564
     295.340   0.780787
     296.620   0.781033
     297.900   0.781277
     299.180   0.781493
     300.460   0.781759
     301.740   0.781995
     303.020   0.782252
     304.300   0.782489
     305.580   0.782744
     306.860   0.783029
     308.140   0.783253
     309.420   0.783491
     310.700   0.783772
     311.980   0.784019
     313.260   0.784228
     314.540   0.784465
     315.820   0.784739
     317.100   0.784917
     318.380   0.785123
     319.660   0.785355
     320.940   0.785577
     322.220   0.785793
     323.500   0.786008
     324.780   0.786210
     326.060   0.786471
     327.340   0.786676
     328.620   0.786910
     329.900   0.787115
     331.180   0.787318
     332.460   0.787522
     333.740   0.787714
     335.020   0.787926
     336.300   0.788146
     337.580   0.788356
     338.860   0.788532
     340.140   0.788748
     341.420   0.788942
     342.700   0.789138
     343.980   0.789308
     345.260   0.789523
     346.540   0.789719
     347.820   0.789926
     349.100   0.790159
     350.380   0.790319
     351.660   0.790531
     352.940   0.790690
     354.220   0.790860
     355.500   0.791069
     356.780   0.791233
     358.060   0.791431
     359.340   0.791586
     360.620   0.791761
     361.900   0.791946
     363.180   0.792162
     364.460   0.792297
     365.740   0.792491
     367.020   0.792653
     368.300   0.792837
     369.580   0.793017
     370.860   0.793159
     372.140   0.793330
     373.420   0.793522
     374.700   0.793669
     375.980   0.793838
     377.260   0.794022
     378.540   0.794158
     379.820   0.794354
     381.100   0.794492
     382.380   0.794633
     383.660   0.794811
     384.940   0.794981
     386.220   0.795159
     387.500   0.795277
     388.780   0.795452
     390.060   0.795610
     391.340   0.795760
     392.620   0.795951
     393.900   0.796127
     395.180   0.796249
     396.460   0.796391
     397.740   0.796557
     399.020   0.796710
     400.300   0.796897
     401.580   0.797053
     402.860   0.797179
     404.140   0.797316
     405.420   0.797459
     406.700   0.797620
     407.980   0.797770
     409.260   0.797935
     410.540   0.798060
     411.820   0.798200
     413.100   0.798341
     414.380   0.798499
     415.660   0.798662
     416.940   0.798797
     418.220   0.798951
     419.500   0.799085
     420.780   0.799235
     422.060   0.799378
     423.340   0.799510
     424.620   0.799670
     425.900   0.799798
     427.180   0.799943
     428.460   0.800072
     429.740   0.800179
     431.020   0.800347
     432.300   0.800491
     433.580   0.800635
     434.860   0.800745
     436.140   0.800869
     437.420   0.801010
     438.700   0.801157
     439.980   0.801261
     441.260   0.801383
     442.540   0.801536
     443.820   0.801653
     445.100   0.801766
     446.380   0.801863
     447.660   0.801984
     448.940   0.802110
     450.220   0.802231
     451.500   0.802366
     452.780   0.802471
     454.060   0.802621
     455.340   0.802768
     456.620   0.802896
     457.900   0.803002
     459.180   0.803134
     460.460   0.803264
     461.740   0.803369
     463.020   0.803474
     464.300   0.803615
     465.580   0.803697
     466.860   0.803817
     468.140   0.803930
     469.420   0.804053
     470.700   0.804167
     471.980   0.804288
     473.260   0.804428
     474.540   0.804539
     475.820   0.804653
     477.100   0.804774
     478.380   0.804892
     479.660   0.804994
     480.940   0.805093
     482.220   0.805215
     483.500   0.805298
     484.780   0.805420
     486.060   0.805541
     487.340   0.805645
     488.620   0.805781
     489.900   0.805906
     491.180   0.805988
     492.460   0.806097
     493.740   0.806211
     495.020   0.806366
     496.300   0.806456
     497.580   0.806544
     498.860   0.806667
     500.140   0.806772
     501.420   0.806866
     502.700   0.806970
     503.980   0.807057
     505.260   0.807148
     506.540   0.807260
     507.820   0.807336
     509.100   0.807447
     510.380   0.807548
     511.660   0.807670
     512.940   0.807742
     514.220   0.807828
     515.500   0.807946
     516.780   0.808052
     518.060   0.808156
     519.340   0.808254
     520.620   0.808349
     521.900   0.808462
     523.180   0.808551
     524.460   0.808620
     525.740   0.808695
     527.020   0.808790
     528.300   0.808903
     529.580   0.808979
     530.860   0.809071
     532.140   0.809187
     533.420   0.809279
     534.700   0.809374
     535.980   0.809469
     537.260   0.809590
     538.540   0.809673
     539.820   0.809756
     541.100   0.809847
     542.380   0.809922
     543.660   0.810018
     544.940   0.810116
     546.220   0.810201
     547.500   0.810249
     548.780   0.810357
     550.060   0.810457
     551.340   0.810546
     552.620   0.810643
     553.900   0.810733
     555.180   0.810825
     556.460   0.810920
     557.740   0.811019
     559.020   0.811105
     560.300   0.811183
     561.580   0.811281
     562.860   0.811385
     564.140   0.811471
     565.420   0.811542
     566.700   0.811617
     567.980   0.811730
     569.260   0.811818
     570.540   0.811901
     571.820   0.811974
     573.100   0.812039
     574.380   0.812109
     575.660   0.812205
     576.940   0.812289
     578.220   0.812361
     579.500   0.812443
     580.780   0.812525
     582.060   0.812638
     583.340   0.812696
     584.620   0.812794
     585.900   0.812870
     587.180   0.812918
     588.460   0.813027
     589.740   0.813075
     591.020   0.813157
     592.300   0.813244
     593.580   0.813327
     594.860   0.813400
     596.140   0.813497
     597.420   0.813545
     598.700   0.813642
     599.980   0.813712
     601.260   0.813798
     602.540   0.813865
     603.820   0.813952
     605.100   0.814002
     606.380   0.814079
     607.660   0.814165
     608.940   0.814232
     610.220   0.814300
     611.500   0.814391
     612.780   0.814464
     614.060   0.814545
     615.340   0.814605
     616.620   0.814665
     617.900   0.814731
     619.180   0.814812
     620.460   0.814906
     621.740   0.814970
     623.020   0.815033
     624.300   0.815126
     625.580   0.815198
     626.860   0.815263
     628.140   0.815335
     629.420   0.815365
     630.700   0.815446
     631.980   0.815532
     633.260   0.815619
     634.540   0.815659
     635.820   0.815727
     637.100   0.815793
     638.380   0.815854
     639.660   0.815944
     640.940   0.816017
     642.220   0.816083
     643.500   0.816158
     644.780   0.816214
     646.060   0.816283
     647.340   0.816338
     648.620   0.816397
     649.900   0.816490
     651.180   0.816547
     652.460   0.816613
     653.740   0.816662
     655.020   0.816728
     656.300   0.816805
     657.580   0.816880
     658.860   0.816944
     660.140   0.817008
     661.420   0.817075
     662.700   0.817123
     663.980   0.817185
     665.260   0.817268
     666.540   0.817352
     667.820   0.817408
     669.100   0.817474
     670.380   0.817550
     671.660   0.817619
     672.940   0.817680
     674.220   0.817759
     675.500   0.817814
     676.780   0.817886
     678.060   0.817942
     679.340   0.818017
     680.620   0.818086
     681.900   0.818142
     683.180   0.818196
     684.460   0.818247
     685.740   0.818317
     687.020   0.818430
     688.300   0.818495
     689.580   0.818551
     690.860   0.818587
     692.140   0.818652
     693.420   0.818710
     694.700   0.818775
     695.980   0.818854
     697.260   0.818906
     698.540   0.818950
     699.820   0.819025
     701.100   0.819093
     702.380   0.819135
     703.660   0.819189
     704.940   0.819252
     706.220   0.819326
     707.500   0.819387
     708.780   0.819438
     710.060   0.819498
     711.340   0.819551
     712.620   0.819587
     713.900   0.819680
     715.180   0.819711
     716.460   0.819761
     717.740   0.819826
     719.020   0.819887
     720.300   0.819940
     721.580   0.820006
     722.860   0.820074
     724.140   0.820104
     725.420   0.820173
     726.700   0.820223
     727.980   0.820286
     729.260   0.820359
     730.540   0.820413
     731.820   0.820464
     733.100   0.820511
     734.380   0.820561
     735.660   0.820620
     736.940   0.820675
     738.220   0.820735
     739.500   0.820801
     740.780   0.820850
     742.060   0.820910
     743.340   0.820969
     744.620   0.821026
     745.900   0.821052
     747.180   0.821104
     748.460   0.821168
     749.740   0.821237
     751.020   0.821288
     752.300   0.821321
     753.580   0.821356
     754.860   0.821419
     756.140   0.821484
     757.420   0.821523
     758.700   0.821559
     759.980   0.821591
     761.260   0.821674
     762.540   0.821701
     763.820   0.821755
     765.100   0.821803
     766.380   0.821849
     767.660   0.821910
     768.940   0.821945
     770.220   0.821975
     771.500   0.822036
     772.780   0.822084
     774.060   0.822139
     775.340   0.822190
     776.620   0.822228
     777.900   0.822274
     779.180   0.822326
     780.460   0.822384
     781.740   0.822444
     783.020   0.822490
     784.300   0.822514
     785.580   0.822557
     786.860   0.822604
     788.140   0.822647
     789.420   0.822712
     790.700   0.822752
     791.980   0.822773
     793.260   0.822813
     794.540   0.822862
     795.820   0.822886
     797.100   0.822925
     798.380   0.822960
     799.660   0.822999
     800.940   0.823033
     802.220   0.823070
     803.500   0.823115
     804.780   0.823146
     806.060   0.823200
     807.340   0.823228
     808.620   0.823274
     809.900   0.823326
     811.180   0.823383
     812.460   0.823406
     813.740   0.823430
     815.020   0.823449
     816.300   0.823507
     817.580   0.823530
     818.860   0.823566
     820.140   0.823615
     821.420   0.823627
     822.700   0.823672
     823.980   0.823702
     825.260   0.823722
     826.540   0.823760
     827.820   0.823775
     829.100   0.823797
     830.380   0.823846
     831.660   0.823873
     832.940   0.823911
     834.220   0.823955
     835.500   0.823973
     836.780   0.824007
     838.060   0.824044
     839.340   0.824089
     840.620   0.824132
     841.900   0.824161
     843.180   0.824190
     844.460   0.824215
     845.740   0.824249
     847.020   0.824287
     848.300   0.824323
     849.580   0.824328
     850.860   0.824354
     852.140   0.824377
     853.420   0.824416
     854.700   0.824448
     855.980   0.824484
     857.260   0.824526
     858.540   0.824543
     859.820   0.824563
     861.100   0.824583
     862.380   0.824597
     863.660   0.824618
     864.940   0.824649
     866.220   0.824685
     867.500   0.824692
     868.780   0.824729
     870.060   0.824741
     871.340   0.824777
     872.620   0.824787
     873.900   0.824828
     875.180   0.824837
     876.460   0.824857
     877.740   0.824882
     879.020   0.824935
     880.300   0.824948
     881.580   0.824954
     882.860   0.824990
     884.140   0.825045
     885.420   0.825057
     886.700   0.825071
     887.980   0.825096
     889.260   0.825113
     890.540   0.825156
     891.820   0.825166
     893.100   0.825176
     894.380   0.825207
     895.660   0.825242
     896.940   0.825256
     898.220   0.825296
     899.500   0.825306
     900.780   0.825317
     902.060   0.825353
     903.340   0.825371
     904.620   0.825400
     905.900   0.825407
     907.180   0.825419
     908.460   0.825434
     909.740   0.825436
     911.020   0.825460
     912.300   0.825486
     913.580   0.825519
     914.860   0.825541
     916.140   0.825543
     917.420   0.825566
     918.700   0.825572
     919.980   0.825602
     921.260   0.825626
     922.540   0.825636
     923.820   0.825750
     925.100   0.825938
     926.380   0.826230
     927.660   0.826499
     928.940   0.826847
     930.220   0.827227
     931.500   0.827631
     932.780   0.828001
     934.060   0.828461
     935.340   0.828916
     936.620   0.829380
     937.900   0.829859
     939.180   0.830365
     940.460   0.830887
     941.740   0.831388
     943.020   0.831992
     944.300   0.832554
     945.580   0.833099
     946.860   0.833703
     948.140   0.834314
     949.420   0.834914
     950.700   0.835518
     951.980   0.836124
     953.260   0.836736
     954.540   0.837386
     955.820   0.837999
     957.100   0.838604
     958.380   0.839238
     959.660   0.839846
     960.940   0.840479
     962.220   0.841083
     963.500   0.841745
     964.780   0.842385
     966.060   0.843070
     967.340   0.843659
     968.620   0.844348
     969.900   0.844993
     971.180   0.845642
     972.460   0.846337
     973.740   0.847037
     975.020   0.847732
     976.300   0.848472
     977.580   0.849141
     978.860   0.849910
     980.140   0.850624
     981.420   0.851342
     982.700   0.852071
     983.980   0.852766
     985.260   0.853447
     986.540   0.854151
     987.820   0.854772
     989.100   0.855347
     990.380   0.855994
     991.660   0.856603
     992.940   0.857181
     994.220   0.857751
     995.500   0.858326
     996.780   0.858860
     998.060   0.859365
     999.340   0.859856
    1000.620   0.860347
    1001.900   0.860790
    1003.180   0.861227
    1004.460   0.861572
    1005.740   0.861933
     1007.02   0.862246
     1008.30   0.862527
     1009.58   0.862793
     1010.86   0.863011
     1012.14   0.863214
     1013.42   0.863382
     1014.70   0.863527
     1015.98   0.863661
     1017.26   0.863827
     1018.54   0.863992
     1019.82   0.864114
     1021.10   0.864272
     1022.38   0.864426
     1023.66   0.864553
     1024.94   0.864715
     1026.22   0.864842
     1027.50   0.864965
     1028.78   0.865111
     1030.06   0.865256
     1031.34   0.865354
     1032.62   0.865481
     1033.90   0.865622
     1035.18   0.865732
     1036.46   0.865876
     1037.74   0.866024
     1039.02   0.866138
     1040.30   0.866218
     1041.58   0.866324
     1042.86   0.866441
     1044.14   0.866538
     1045.42   0.866647
     1046.70   0.866721
     1047.98   0.866848
     1049.26   0.866945
     1050.54   0.867051
     1051.82   0.867165
     1053.10   0.867256
     1054.38   0.867329
     1055.66   0.867425
     1056.94   0.867502
     1058.22   0.867597
     1059.50   0.867690
     1060.78   0.867802
     1062.06   0.867862
     1063.34   0.867974
     1064.62   0.868140
     1065.90   0.868332
     1067.18   0.868558
     1068.46   0.868772
     1069.74   0.869009
     1071.02   0.869243
     1072.30   0.869506
     1073.58   0.869779
     1074.86   0.870086
     1076.14   0.870398
     1077.42   0.870709
     1078.70   0.871060
     1079.98   0.871386
     1081.26   0.871724
     1082.54   0.872076
     1083.82   0.872451
     1085.10   0.872745
     1086.38   0.873094
     1087.66   0.873460
     1088.94   0.873782
     1090.22   0.874103
     1091.50   0.874492
     1092.78   0.874863
     1094.06   0.875224
     1095.34   0.875591
     1096.62   0.875966
     1097.90   0.876335
     1099.18   0.876739
     1100.46   0.877157
     1101.74   0.877528
     1103.02   0.877909
     1104.30   0.878334
     1105.58   0.878719
     1106.86   0.879162
     1108.14   0.879603
     1109.42   0.880019
     1110.70   0.880436
     1111.98   0.880866
     1113.26   0.881339
     1114.54   0.881858
     1115.82   0.882325
     1117.10   0.882771
     1118.38   0.883263
     1119.66   0.883758
     1120.94   0.884204
     1122.22   0.884627
     1123.50   0.885081
     1124.78   0.885600
     1126.06   0.886108
     1127.34   0.886585
     1128.62   0.887077
     1129.90   0.887579
     1131.18   0.888118
     1132.46   0.888720
     1133.74   0.889211
     1135.02   0.889717
     1136.30   0.890291
     1137.58   0.890827
     1138.86   0.891420
     1140.14   0.891975
     1141.42   0.892522
     1142.70   0.893054
     1143.98   0.893626
     1145.26   0.894194
     1146.54   0.894662
     1147.82   0.895165
     1149.10   0.895732
     1150.38   0.896196
     1151.66   0.896652
     1152.94   0.897093
     1154.22   0.897580
     1155.50   0.898029
     1156.78   0.898452
     1158.06   0.898892
     1159.34   0.899316
     1160.62   0.899737
     1161.90   0.900142
     1163.18   0.900589
     1164.46   0.901025
     1165.74   0.901457
     1167.02   0.901856
     1168.30   0.902240
     1169.58   0.902617
     1170.86   0.903011
     1172.14   0.903384
     1173.42   0.903713
     1174.70   0.904042
     1175.98   0.904377
     1177.26   0.904719
     1178.54   0.905033
     1179.82   0.905389
     1181.10   0.905671
     1182.38   0.905997
     1183.66   0.906268
     1184.94   0.906507
     1186.22   0.906777
     1187.50   0.907028
     1188.78   0.907252
     1190.06   0.907417
     1191.34   0.907560
     1192.62   0.907726
     1193.90   0.907906
     1195.18   0.908057
     1196.46   0.908175
     1197.74   0.908298
     1199.02   0.908401
     1200.30   0.908502
     1201.58   0.908607
     1202.86   0.908662
     1204.14   0.908726
     1205.42   0.908761
     1206.70   0.908837
     1207.98   0.908891
     1209.26   0.908926
     1210.54   0.908973
     1211.82   0.908998
     1213.10   0.909047
     1214.38   0.909088
     1215.66   0.909132
     1216.94   0.909167
     1218.22   0.909254
     1219.50   0.909296
     1220.78   0.909324
     1222.06   0.909356
     1223.34   0.909422
     1224.62   0.909489
     1225.90   0.909515
     1227.18   0.909571
     1228.46   0.909586
     1229.74   0.909614
     1231.02   0.909649
     1232.30   0.909717
     1233.58   0.909762
     1234.86   0.909796
     1236.14   0.909840
     1237.42   0.909873
     1238.70   0.909876
     1239.98   0.909903
     1241.26   0.909950
     1242.54   0.909972
     1243.82   0.910012
     1245.10   0.910062
     1246.38   0.910111
     1247.66   0.910161
     1248.94   0.910186
     1250.22   0.910208
     1251.50   0.910268
     1252.78   0.910303
     1254.06   0.910367
     1255.34   0.910380
     1256.62   0.910395
     1257.90   0.910422
     1259.18   0.910450
     1260.46   0.910502
     1261.74   0.910547
     1263.02   0.910593
     1264.30   0.910616
     1265.58   0.910646
     1266.86   0.910672
     1268.14   0.910690
     1269.42   0.910715
     1270.70   0.910738
     1271.98   0.910787
     1273.26   0.910847
     1274.54   0.910879
     1275.82   0.910913
     1277.10   0.910941
     1278.38   0.910971
     1279.66   0.910991
     1280.94   0.911017
     1282.22   0.911051
     1283.50   0.911114
     1284.78   0.911128
     1286.06   0.911143
     1287.34   0.911191
     1288.62   0.911209
     1289.90   0.911249
     1291.18   0.911285
     1292.46   0.911322
     1293.74   0.911359
     1295.02   0.911391
     1296.30   0.911379
     1297.58   0.911427
     1298.86   0.911456
     1300.14   0.911488
     1301.42   0.911557
     1302.70   0.911580
     1303.98   0.911600
     1305.26   0.911620
     1306.54   0.911611
     1307.82   0.911654
     1309.10   0.911666
     1310.38   0.911686
     1311.66   0.911715
     1312.94   0.911731
     1314.22   0.911773
     1315.50   0.911790
     1316.78   0.911821
     1318.06   0.911837
     1319.34   0.911843
     1320.62   0.911885
     1321.90   0.911907
     1323.18   0.911937
     1324.46   0.911980
     1325.74   0.912008
     1327.02   0.912007
     1328.30   0.912047
     1329.58   0.912079
     1330.86   0.912119
     1332.14   0.912148
     1333.42   0.912191
     1334.70   0.912218
     1335.98   0.912259
     1337.26   0.912270
     1338.54   0.912285
     1339.82   0.912328
     1341.10   0.912352
     1342.38   0.912369
     1343.66   0.912394
     1344.94   0.912415
     1346.22   0.912444
     1347.50   0.912467
     1348.78   0.912480
     1350.06   0.912530
     1351.34   0.912567
     1352.62   0.912567
     1353.90   0.912606
     1355.18   0.912603
     1356.46   0.912647
     1357.74   0.912661
     1359.02   0.912680
