.000E+00    .318E-01
.649E+01    .427E-01
.112E+02    .528E-01
.149E+02    .625E-01
.179E+02    .717E-01
.206E+02    .806E-01
.228E+02    .892E-01
.249E+02    .976E-01
.267E+02    .106E+00
.283E+02    .114E+00
.299E+02    .122E+00
.313E+02    .129E+00
.326E+02    .137E+00
.338E+02    .144E+00
.350E+02    .152E+00
.361E+02    .159E+00
.372E+02    .166E+00
.382E+02    .173E+00
.391E+02    .180E+00
.400E+02    .187E+00
.409E+02    .194E+00
.418E+02    .200E+00
.426E+02    .207E+00
.434E+02    .214E+00
.442E+02    .220E+00
.449E+02    .227E+00
.456E+02    .234E+00
.463E+02    .240E+00
.470E+02    .247E+00
.477E+02    .253E+00
.484E+02    .260E+00
.490E+02    .266E+00
.497E+02    .273E+00
.500E+02    .276E+00
.506E+02    .282E+00
.512E+02    .289E+00
.518E+02    .295E+00
.524E+02    .302E+00
.530E+02    .308E+00
.536E+02    .315E+00
.542E+02    .321E+00
.547E+02    .328E+00
.553E+02    .334E+00
.559E+02    .341E+00
.564E+02    .347E+00
.569E+02    .354E+00
.575E+02    .360E+00
.580E+02    .367E+00
.585E+02    .373E+00
.590E+02    .379E+00
.595E+02    .385E+00
.599E+02    .391E+00
.604E+02    .397E+00
.608E+02    .403E+00
.612E+02    .409E+00
.617E+02    .415E+00
.621E+02    .420E+00
.625E+02    .426E+00
.629E+02    .431E+00
.633E+02    .437E+00
.637E+02    .442E+00
.641E+02    .448E+00
.644E+02    .453E+00
.648E+02    .458E+00
.652E+02    .464E+00
.655E+02    .469E+00
.659E+02    .474E+00
.662E+02    .479E+00
.666E+02    .484E+00
.669E+02    .489E+00
.673E+02    .495E+00
.676E+02    .500E+00
.680E+02    .505E+00
.683E+02    .510E+00
.686E+02    .515E+00
.690E+02    .520E+00
.693E+02    .524E+00
.696E+02    .529E+00
.700E+02    .534E+00
.703E+02    .539E+00
.706E+02    .544E+00
.710E+02    .549E+00
.713E+02    .553E+00
.716E+02    .558E+00
.720E+02    .563E+00
.723E+02    .567E+00
.726E+02    .572E+00
.730E+02    .576E+00
.733E+02    .581E+00
.736E+02    .585E+00
.740E+02    .589E+00
.743E+02    .594E+00
.747E+02    .598E+00
.750E+02    .602E+00
.754E+02    .606E+00
.758E+02    .609E+00
.761E+02    .613E+00
.765E+02    .617E+00
.769E+02    .620E+00
.773E+02    .623E+00
.777E+02    .626E+00
.781E+02    .629E+00
.785E+02    .632E+00
.790E+02    .634E+00
.794E+02    .637E+00
.798E+02    .639E+00
.802E+02    .641E+00
.806E+02    .642E+00
.811E+02    .644E+00
.815E+02    .645E+00
.819E+02    .646E+00
.823E+02    .647E+00
.827E+02    .648E+00
.831E+02    .649E+00
.835E+02    .650E+00
.839E+02    .651E+00
.843E+02    .652E+00
.847E+02    .653E+00
.851E+02    .654E+00
.855E+02    .655E+00
.859E+02    .655E+00
.863E+02    .656E+00
.867E+02    .657E+00
.872E+02    .658E+00
.876E+02    .658E+00
.880E+02    .659E+00
.884E+02    .660E+00
.889E+02    .661E+00
.893E+02    .661E+00
.897E+02    .662E+00
.902E+02    .663E+00
.906E+02    .664E+00
.911E+02    .664E+00
.916E+02    .665E+00
.920E+02    .666E+00
.925E+02    .667E+00
.930E+02    .668E+00
.934E+02    .668E+00
.939E+02    .669E+00
.944E+02    .670E+00
.949E+02    .671E+00
.954E+02    .671E+00
.960E+02    .672E+00
.965E+02    .673E+00
.970E+02    .674E+00
.976E+02    .675E+00
.981E+02    .675E+00
.987E+02    .676E+00
.992E+02    .677E+00
.998E+02    .678E+00
.100E+03    .678E+00
.101E+03    .679E+00
.101E+03    .680E+00
.102E+03    .681E+00
.102E+03    .682E+00
.103E+03    .682E+00
.104E+03    .683E+00
.104E+03    .684E+00
.105E+03    .685E+00
.106E+03    .686E+00
.106E+03    .687E+00
.107E+03    .688E+00
.108E+03    .689E+00
.109E+03    .690E+00
.109E+03    .691E+00
.110E+03    .692E+00
.111E+03    .693E+00
.112E+03    .694E+00
.113E+03    .695E+00
.114E+03    .696E+00
.114E+03    .697E+00
.115E+03    .698E+00
.116E+03    .699E+00
.117E+03    .700E+00
.118E+03    .701E+00
.119E+03    .702E+00
.120E+03    .703E+00
.121E+03    .704E+00
.122E+03    .705E+00
.123E+03    .706E+00
.124E+03    .707E+00
.125E+03    .708E+00
.126E+03    .708E+00
.127E+03    .709E+00
.128E+03    .710E+00
.129E+03    .711E+00
.130E+03    .712E+00
.131E+03    .713E+00
.132E+03    .714E+00
.133E+03    .715E+00
.134E+03    .716E+00
.135E+03    .717E+00
.136E+03    .718E+00
.137E+03    .719E+00
.138E+03    .720E+00
.139E+03    .721E+00
.141E+03    .721E+00
.142E+03    .722E+00
.143E+03    .723E+00
.144E+03    .724E+00
.145E+03    .725E+00
.147E+03    .726E+00
.148E+03    .727E+00
.149E+03    .728E+00
.150E+03    .729E+00
.151E+03    .729E+00
.153E+03    .730E+00
.154E+03    .731E+00
.155E+03    .732E+00
.157E+03    .733E+00
.158E+03    .734E+00
.159E+03    .735E+00
.161E+03    .736E+00
.162E+03    .736E+00
.164E+03    .737E+00
.165E+03    .738E+00
.166E+03    .739E+00
.168E+03    .740E+00
.169E+03    .741E+00
.171E+03    .741E+00
.172E+03    .742E+00
.174E+03    .743E+00
.176E+03    .744E+00
.177E+03    .744E+00
.179E+03    .745E+00
.180E+03    .746E+00
.182E+03    .747E+00
.183E+03    .747E+00
.185E+03    .748E+00
.187E+03    .749E+00
.188E+03    .750E+00
.190E+03    .750E+00
.191E+03    .751E+00
.193E+03    .752E+00
.195E+03    .752E+00
.197E+03    .753E+00
.198E+03    .754E+00
.200E+03    .755E+00
.202E+03    .755E+00
.204E+03    .756E+00
.205E+03    .757E+00
.207E+03    .757E+00
.209E+03    .758E+00
.211E+03    .759E+00
.213E+03    .759E+00
.214E+03    .760E+00
.216E+03    .761E+00
.218E+03    .761E+00
.220E+03    .762E+00
.222E+03    .763E+00
.224E+03    .763E+00
.226E+03    .764E+00
.228E+03    .765E+00
.230E+03    .765E+00
.232E+03    .766E+00
.234E+03    .767E+00
.236E+03    .767E+00
.238E+03    .768E+00
.240E+03    .768E+00
.242E+03    .769E+00
.244E+03    .769E+00
.246E+03    .770E+00
.248E+03    .771E+00
.250E+03    .771E+00
.252E+03    .772E+00
.254E+03    .772E+00
.257E+03    .773E+00
.259E+03    .773E+00
.261E+03    .774E+00
.264E+03    .774E+00
.266E+03    .775E+00
.269E+03    .775E+00
.271E+03    .776E+00
.274E+03    .777E+00
.277E+03    .777E+00
.279E+03    .778E+00
.282E+03    .778E+00
.285E+03    .779E+00
.287E+03    .780E+00
.290E+03    .780E+00
.293E+03    .781E+00
.295E+03    .781E+00
.298E+03    .782E+00
.300E+03    .782E+00
.303E+03    .783E+00
.306E+03    .783E+00
.308E+03    .784E+00
.311E+03    .784E+00
.314E+03    .785E+00
.317E+03    .785E+00
.319E+03    .786E+00
.322E+03    .786E+00
.325E+03    .787E+00
.328E+03    .787E+00
.331E+03    .788E+00
.334E+03    .788E+00
.337E+03    .789E+00
.340E+03    .789E+00
.343E+03    .790E+00
.346E+03    .790E+00
.349E+03    .791E+00
.350E+03    .791E+00
.353E+03    .792E+00
.356E+03    .792E+00
.359E+03    .793E+00
.362E+03    .793E+00
.366E+03    .794E+00
.369E+03    .794E+00
.372E+03    .795E+00
.375E+03    .795E+00
.379E+03    .796E+00
.382E+03    .796E+00
.385E+03    .797E+00
.389E+03    .797E+00
.392E+03    .798E+00
.396E+03    .798E+00
.399E+03    .799E+00
.400E+03    .799E+00
.404E+03    .799E+00
.407E+03    .800E+00
.411E+03    .800E+00
.414E+03    .801E+00
.418E+03    .801E+00
.422E+03    .802E+00
.425E+03    .802E+00
.429E+03    .803E+00
.433E+03    .803E+00
.437E+03    .804E+00
.441E+03    .804E+00
.444E+03    .805E+00
.448E+03    .805E+00
.450E+03    .806E+00
.454E+03    .806E+00
.458E+03    .807E+00
.461E+03    .807E+00
.465E+03    .807E+00
.469E+03    .808E+00
.473E+03    .808E+00
.477E+03    .809E+00
.481E+03    .809E+00
.485E+03    .810E+00
.489E+03    .810E+00
.493E+03    .811E+00
.497E+03    .811E+00
.500E+03    .811E+00
.504E+03    .812E+00
.508E+03    .812E+00
.512E+03    .813E+00
.516E+03    .813E+00
.520E+03    .813E+00
.524E+03    .814E+00
.529E+03    .814E+00
.533E+03    .815E+00
.537E+03    .815E+00
.541E+03    .816E+00
.545E+03    .816E+00
.549E+03    .816E+00
.550E+03    .816E+00
.554E+03    .817E+00
.558E+03    .817E+00
.562E+03    .818E+00
.566E+03    .818E+00
.570E+03    .818E+00
.574E+03    .819E+00
.578E+03    .819E+00
.582E+03    .819E+00
.586E+03    .820E+00
.590E+03    .820E+00
.594E+03    .820E+00
.598E+03    .821E+00
.600E+03    .821E+00
.604E+03    .821E+00
.608E+03    .822E+00
.612E+03    .822E+00
.616E+03    .822E+00
.620E+03    .823E+00
.624E+03    .823E+00
.629E+03    .824E+00
.633E+03    .824E+00
.637E+03    .824E+00
.641E+03    .824E+00
.645E+03    .825E+00
.650E+03    .825E+00
.650E+03    .825E+00
.654E+03    .826E+00
.658E+03    .826E+00
.663E+03    .826E+00
.667E+03    .827E+00
.671E+03    .827E+00
.675E+03    .827E+00
.680E+03    .828E+00
.684E+03    .828E+00
.688E+03    .828E+00
.693E+03    .828E+00
.697E+03    .829E+00
.700E+03    .829E+00
.704E+03    .829E+00
.709E+03    .830E+00
.713E+03    .830E+00
.718E+03    .830E+00
.722E+03    .831E+00
.727E+03    .831E+00
.731E+03    .832E+00
.735E+03    .832E+00
.740E+03    .832E+00
.744E+03    .833E+00
.749E+03    .833E+00
.750E+03    .833E+00
.754E+03    .833E+00
.759E+03    .833E+00
.763E+03    .834E+00
.768E+03    .834E+00
.772E+03    .834E+00
.776E+03    .835E+00
.781E+03    .835E+00
.785E+03    .835E+00
.790E+03    .836E+00
.794E+03    .836E+00
.799E+03    .837E+00
.800E+03    .837E+00
.804E+03    .837E+00
.809E+03    .838E+00
.813E+03    .838E+00
.818E+03    .838E+00
.822E+03    .839E+00
.826E+03    .839E+00
.831E+03    .839E+00
.835E+03    .839E+00
.840E+03    .840E+00
.844E+03    .840E+00
.848E+03    .840E+00
.850E+03    .840E+00
.854E+03    .841E+00
.859E+03    .841E+00
.863E+03    .841E+00
.868E+03    .842E+00
.872E+03    .842E+00
.877E+03    .843E+00
.881E+03    .843E+00
.886E+03    .843E+00
.890E+03    .843E+00
.895E+03    .844E+00
.899E+03    .844E+00
.900E+03    .844E+00
.904E+03    .844E+00
.909E+03    .844E+00
.913E+03    .845E+00
.918E+03    .845E+00
.923E+03    .845E+00
.927E+03    .846E+00
.931E+03    .846E+00
.936E+03    .846E+00
.940E+03    .847E+00
.945E+03    .847E+00
.949E+03    .847E+00
.950E+03    .847E+00
.954E+03    .848E+00
.959E+03    .848E+00
.964E+03    .848E+00
.968E+03    .849E+00
.973E+03    .849E+00
.977E+03    .849E+00
.982E+03    .850E+00
.986E+03    .850E+00
.991E+03    .850E+00
.995E+03    .851E+00
.100E+04    .851E+00
.100E+04    .851E+00
.100E+04    .852E+00
.101E+04    .852E+00
.101E+04    .852E+00
.102E+04    .853E+00
.102E+04    .853E+00
.103E+04    .853E+00
.103E+04    .854E+00
.104E+04    .854E+00
.104E+04    .854E+00
.105E+04    .854E+00
.105E+04    .854E+00
.105E+04    .855E+00
.106E+04    .855E+00
.106E+04    .855E+00
.107E+04    .856E+00
.107E+04    .856E+00
.108E+04    .856E+00
.108E+04    .857E+00
.109E+04    .857E+00
.109E+04    .857E+00
.110E+04    .857E+00
.110E+04    .858E+00
.110E+04    .858E+00
.111E+04    .858E+00
.111E+04    .858E+00
.112E+04    .858E+00
.112E+04    .859E+00
.113E+04    .859E+00
.113E+04    .859E+00
.114E+04    .859E+00
.114E+04    .860E+00
.115E+04    .860E+00
.115E+04    .860E+00
.115E+04    .860E+00
.116E+04    .861E+00
.116E+04    .861E+00
.117E+04    .861E+00
.117E+04    .861E+00
.118E+04    .862E+00
.118E+04    .862E+00
.119E+04    .862E+00
.119E+04    .862E+00
.120E+04    .862E+00
.120E+04    .863E+00
.120E+04    .863E+00
.121E+04    .863E+00
.121E+04    .863E+00
.122E+04    .864E+00
.122E+04    .864E+00
.123E+04    .864E+00
.124E+04    .865E+00
.124E+04    .865E+00
.125E+04    .865E+00
.125E+04    .865E+00
.126E+04    .866E+00
.126E+04    .866E+00
.127E+04    .866E+00
.127E+04    .867E+00
.128E+04    .867E+00
.128E+04    .867E+00
.129E+04    .868E+00
.129E+04    .868E+00
.130E+04    .868E+00
.130E+04    .868E+00
.131E+04    .869E+00
.131E+04    .869E+00
.132E+04    .869E+00
.132E+04    .870E+00
.133E+04    .870E+00
.133E+04    .870E+00
.134E+04    .871E+00
.134E+04    .871E+00
.135E+04    .871E+00
.135E+04    .871E+00
.136E+04    .872E+00
.136E+04    .872E+00
.137E+04    .872E+00
.137E+04    .872E+00
.138E+04    .873E+00
.138E+04    .873E+00
.139E+04    .873E+00
.139E+04    .874E+00
.140E+04    .874E+00
.140E+04    .874E+00
.141E+04    .874E+00
.141E+04    .874E+00
.142E+04    .875E+00
.142E+04    .875E+00
.143E+04    .875E+00
.143E+04    .875E+00
.144E+04    .876E+00
.144E+04    .876E+00
.145E+04    .876E+00
.145E+04    .876E+00
.146E+04    .876E+00
.146E+04    .877E+00
.147E+04    .877E+00
.147E+04    .877E+00
.148E+04    .877E+00
.148E+04    .878E+00
.149E+04    .878E+00
.149E+04    .878E+00
.150E+04    .878E+00
.151E+04    .879E+00
.151E+04    .879E+00
.152E+04    .879E+00
.152E+04    .879E+00
.153E+04    .880E+00
.153E+04    .880E+00
.154E+04    .880E+00
.155E+04    .880E+00
.155E+04    .881E+00
.156E+04    .881E+00
.156E+04    .881E+00
.157E+04    .881E+00
.157E+04    .881E+00
.158E+04    .882E+00
.158E+04    .882E+00
.159E+04    .882E+00
.160E+04    .882E+00
.160E+04    .883E+00
.161E+04    .883E+00
.161E+04    .883E+00
.162E+04    .883E+00
.162E+04    .884E+00
.163E+04    .884E+00
.164E+04    .884E+00
.164E+04    .884E+00
.165E+04    .885E+00
.165E+04    .885E+00
.166E+04    .885E+00
.166E+04    .885E+00
.167E+04    .885E+00
.167E+04    .886E+00
.168E+04    .886E+00
.169E+04    .886E+00
.169E+04    .886E+00
.170E+04    .887E+00
.170E+04    .887E+00
.171E+04    .887E+00
.171E+04    .887E+00
.172E+04    .887E+00
.173E+04    .887E+00
.173E+04    .888E+00
.174E+04    .888E+00
.174E+04    .888E+00
.175E+04    .888E+00
.176E+04    .889E+00
.176E+04    .889E+00
.177E+04    .889E+00
.178E+04    .890E+00
.178E+04    .890E+00
.179E+04    .890E+00
.180E+04    .890E+00
.180E+04    .891E+00
.181E+04    .891E+00
.181E+04    .891E+00
.182E+04    .891E+00
.183E+04    .892E+00
.183E+04    .892E+00
.184E+04    .892E+00
.185E+04    .892E+00
.185E+04    .893E+00
.186E+04    .893E+00
.186E+04    .893E+00
.187E+04    .893E+00
.188E+04    .894E+00
.188E+04    .894E+00
.189E+04    .894E+00
.190E+04    .894E+00
.190E+04    .894E+00
.191E+04    .895E+00
.191E+04    .895E+00
.192E+04    .895E+00
.193E+04    .895E+00
.193E+04    .895E+00
.194E+04    .895E+00
.195E+04    .896E+00
.195E+04    .896E+00
.196E+04    .896E+00
.196E+04    .896E+00
.197E+04    .896E+00
.198E+04    .897E+00
.198E+04    .897E+00
.199E+04    .897E+00
.200E+04    .897E+00
.200E+04    .898E+00
