.000E+00    .662E-03
.649E+01    .859E-03
.112E+02    .107E-02
.149E+02    .127E-02
.179E+02    .146E-02
.206E+02    .163E-02
.228E+02    .180E-02
.249E+02    .196E-02
.267E+02    .211E-02
.283E+02    .225E-02
.299E+02    .239E-02
.313E+02    .253E-02
.326E+02    .266E-02
.338E+02    .278E-02
.350E+02    .290E-02
.361E+02    .302E-02
.372E+02    .313E-02
.382E+02    .324E-02
.391E+02    .335E-02
.400E+02    .346E-02
.409E+02    .356E-02
.418E+02    .366E-02
.426E+02    .376E-02
.434E+02    .386E-02
.442E+02    .395E-02
.449E+02    .405E-02
.456E+02    .414E-02
.463E+02    .424E-02
.470E+02    .433E-02
.477E+02    .442E-02
.484E+02    .451E-02
.490E+02    .461E-02
.497E+02    .470E-02
.500E+02    .473E-02
.506E+02    .483E-02
.512E+02    .493E-02
.518E+02    .502E-02
.524E+02    .511E-02
.530E+02    .521E-02
.536E+02    .531E-02
.542E+02    .540E-02
.547E+02    .550E-02
.553E+02    .560E-02
.559E+02    .571E-02
.564E+02    .581E-02
.569E+02    .591E-02
.575E+02    .601E-02
.580E+02    .612E-02
.585E+02    .622E-02
.590E+02    .633E-02
.595E+02    .643E-02
.599E+02    .654E-02
.604E+02    .664E-02
.608E+02    .674E-02
.612E+02    .684E-02
.617E+02    .695E-02
.621E+02    .705E-02
.625E+02    .714E-02
.629E+02    .725E-02
.633E+02    .735E-02
.637E+02    .745E-02
.641E+02    .754E-02
.644E+02    .764E-02
.648E+02    .774E-02
.652E+02    .783E-02
.655E+02    .792E-02
.659E+02    .802E-02
.662E+02    .812E-02
.666E+02    .820E-02
.669E+02    .829E-02
.673E+02    .838E-02
.676E+02    .846E-02
.680E+02    .854E-02
.683E+02    .863E-02
.686E+02    .870E-02
.690E+02    .878E-02
.693E+02    .886E-02
.696E+02    .892E-02
.700E+02    .900E-02
.703E+02    .906E-02
.706E+02    .912E-02
.710E+02    .918E-02
.713E+02    .923E-02
.716E+02    .928E-02
.720E+02    .932E-02
.723E+02    .935E-02
.726E+02    .938E-02
.730E+02    .939E-02
.733E+02    .941E-02
.736E+02    .941E-02
.740E+02    .942E-02
.743E+02    .941E-02
.747E+02    .938E-02
.750E+02    .935E-02
.754E+02    .930E-02
.758E+02    .926E-02
.761E+02    .919E-02
.765E+02    .912E-02
.769E+02    .904E-02
.773E+02    .892E-02
.777E+02    .883E-02
.781E+02    .872E-02
.785E+02    .857E-02
.790E+02    .846E-02
.794E+02    .833E-02
.798E+02    .818E-02
.802E+02    .804E-02
.806E+02    .791E-02
.811E+02    .780E-02
.815E+02    .769E-02
.819E+02    .757E-02
.823E+02    .746E-02
.827E+02    .737E-02
.831E+02    .725E-02
.835E+02    .715E-02
.839E+02    .706E-02
.843E+02    .697E-02
.847E+02    .690E-02
.851E+02    .682E-02
.855E+02    .674E-02
.859E+02    .667E-02
.863E+02    .661E-02
.867E+02    .654E-02
.872E+02    .646E-02
.876E+02    .640E-02
.880E+02    .633E-02
.884E+02    .627E-02
.889E+02    .621E-02
.893E+02    .615E-02
.897E+02    .608E-02
.902E+02    .602E-02
.906E+02    .597E-02
.911E+02    .591E-02
.916E+02    .584E-02
.920E+02    .579E-02
.925E+02    .573E-02
.930E+02    .567E-02
.934E+02    .561E-02
.939E+02    .555E-02
.944E+02    .549E-02
.949E+02    .544E-02
.954E+02    .537E-02
.960E+02    .531E-02
.965E+02    .526E-02
.970E+02    .519E-02
.976E+02    .513E-02
.981E+02    .507E-02
.987E+02    .501E-02
.992E+02    .496E-02
.998E+02    .490E-02
.100E+03    .489E-02
.101E+03    .482E-02
.101E+03    .476E-02
.102E+03    .470E-02
.102E+03    .465E-02
.103E+03    .459E-02
.104E+03    .453E-02
.104E+03    .447E-02
.105E+03    .441E-02
.106E+03    .435E-02
.106E+03    .429E-02
.107E+03    .423E-02
.108E+03    .417E-02
.109E+03    .412E-02
.109E+03    .406E-02
.110E+03    .400E-02
.111E+03    .394E-02
.112E+03    .388E-02
.113E+03    .383E-02
.114E+03    .377E-02
.114E+03    .371E-02
.115E+03    .366E-02
.116E+03    .360E-02
.117E+03    .355E-02
.118E+03    .350E-02
.119E+03    .345E-02
.120E+03    .340E-02
.121E+03    .334E-02
.122E+03    .329E-02
.123E+03    .325E-02
.124E+03    .320E-02
.125E+03    .315E-02
.126E+03    .311E-02
.127E+03    .306E-02
.128E+03    .302E-02
.129E+03    .298E-02
.130E+03    .294E-02
.131E+03    .289E-02
.132E+03    .286E-02
.133E+03    .282E-02
.134E+03    .278E-02
.135E+03    .274E-02
.136E+03    .271E-02
.137E+03    .267E-02
.138E+03    .264E-02
.139E+03    .260E-02
.141E+03    .257E-02
.142E+03    .254E-02
.143E+03    .251E-02
.144E+03    .248E-02
.145E+03    .244E-02
.147E+03    .241E-02
.148E+03    .238E-02
.149E+03    .236E-02
.150E+03    .234E-02
.151E+03    .230E-02
.153E+03    .228E-02
.154E+03    .225E-02
.155E+03    .222E-02
.157E+03    .219E-02
.158E+03    .217E-02
.159E+03    .214E-02
.161E+03    .212E-02
.162E+03    .210E-02
.164E+03    .207E-02
.165E+03    .205E-02
.166E+03    .203E-02
.168E+03    .200E-02
.169E+03    .198E-02
.171E+03    .195E-02
.172E+03    .193E-02
.174E+03    .191E-02
.176E+03    .188E-02
.177E+03    .186E-02
.179E+03    .184E-02
.180E+03    .181E-02
.182E+03    .179E-02
.183E+03    .177E-02
.185E+03    .175E-02
.187E+03    .173E-02
.188E+03    .171E-02
.190E+03    .169E-02
.191E+03    .167E-02
.193E+03    .164E-02
.195E+03    .162E-02
.197E+03    .160E-02
.198E+03    .158E-02
.200E+03    .156E-02
.202E+03    .154E-02
.204E+03    .152E-02
.205E+03    .150E-02
.207E+03    .148E-02
.209E+03    .146E-02
.211E+03    .144E-02
.213E+03    .142E-02
.214E+03    .140E-02
.216E+03    .139E-02
.218E+03    .137E-02
.220E+03    .135E-02
.222E+03    .133E-02
.224E+03    .131E-02
.226E+03    .130E-02
.228E+03    .128E-02
.230E+03    .126E-02
.232E+03    .125E-02
.234E+03    .123E-02
.236E+03    .121E-02
.238E+03    .119E-02
.240E+03    .117E-02
.242E+03    .115E-02
.244E+03    .113E-02
.246E+03    .111E-02
.248E+03    .109E-02
.250E+03    .108E-02
.252E+03    .106E-02
.254E+03    .104E-02
.257E+03    .102E-02
.259E+03    .100E-02
.261E+03    .986E-03
.264E+03    .966E-03
.266E+03    .949E-03
.269E+03    .935E-03
.271E+03    .919E-03
.274E+03    .905E-03
.277E+03    .889E-03
.279E+03    .875E-03
.282E+03    .863E-03
.285E+03    .849E-03
.287E+03    .835E-03
.290E+03    .824E-03
.293E+03    .811E-03
.295E+03    .800E-03
.298E+03    .790E-03
.300E+03    .786E-03
.303E+03    .777E-03
.306E+03    .768E-03
.308E+03    .760E-03
.311E+03    .752E-03
.314E+03    .745E-03
.317E+03    .738E-03
.319E+03    .731E-03
.322E+03    .724E-03
.325E+03    .719E-03
.328E+03    .712E-03
.331E+03    .706E-03
.334E+03    .698E-03
.337E+03    .690E-03
.340E+03    .683E-03
.343E+03    .674E-03
.346E+03    .666E-03
.349E+03    .658E-03
.350E+03    .656E-03
.353E+03    .649E-03
.356E+03    .642E-03
.359E+03    .636E-03
.362E+03    .630E-03
.366E+03    .625E-03
.369E+03    .622E-03
.372E+03    .617E-03
.375E+03    .611E-03
.379E+03    .607E-03
.382E+03    .601E-03
.385E+03    .596E-03
.389E+03    .591E-03
.392E+03    .585E-03
.396E+03    .580E-03
.399E+03    .574E-03
.400E+03    .574E-03
.404E+03    .569E-03
.407E+03    .564E-03
.411E+03    .560E-03
.414E+03    .556E-03
.418E+03    .552E-03
.422E+03    .549E-03
.425E+03    .544E-03
.429E+03    .542E-03
.433E+03    .539E-03
.437E+03    .535E-03
.441E+03    .533E-03
.444E+03    .529E-03
.448E+03    .526E-03
.450E+03    .526E-03
.454E+03    .522E-03
.458E+03    .523E-03
.461E+03    .519E-03
.465E+03    .518E-03
.469E+03    .513E-03
.473E+03    .512E-03
.477E+03    .508E-03
.481E+03    .505E-03
.485E+03    .502E-03
.489E+03    .501E-03
.493E+03    .499E-03
.497E+03    .496E-03
.500E+03    .496E-03
.504E+03    .493E-03
.508E+03    .490E-03
.512E+03    .488E-03
.516E+03    .486E-03
.520E+03    .482E-03
.524E+03    .479E-03
.529E+03    .476E-03
.533E+03    .473E-03
.537E+03    .471E-03
.541E+03    .468E-03
.545E+03    .467E-03
.549E+03    .465E-03
.550E+03    .467E-03
.554E+03    .463E-03
.558E+03    .461E-03
.562E+03    .460E-03
.566E+03    .459E-03
.570E+03    .458E-03
.574E+03    .457E-03
.578E+03    .454E-03
.582E+03    .453E-03
.586E+03    .451E-03
.590E+03    .448E-03
.594E+03    .445E-03
.598E+03    .444E-03
.600E+03    .444E-03
.604E+03    .441E-03
.608E+03    .439E-03
.612E+03    .436E-03
.616E+03    .433E-03
.620E+03    .430E-03
.624E+03    .428E-03
.629E+03    .424E-03
.633E+03    .423E-03
.637E+03    .420E-03
.641E+03    .418E-03
.645E+03    .416E-03
.650E+03    .413E-03
.650E+03    .414E-03
.654E+03    .410E-03
.658E+03    .408E-03
.663E+03    .407E-03
.667E+03    .406E-03
.671E+03    .405E-03
.675E+03    .403E-03
.680E+03    .403E-03
.684E+03    .402E-03
.688E+03    .401E-03
.693E+03    .400E-03
.697E+03    .398E-03
.700E+03    .400E-03
.704E+03    .398E-03
.709E+03    .396E-03
.713E+03    .395E-03
.718E+03    .394E-03
.722E+03    .394E-03
.727E+03    .394E-03
.731E+03    .394E-03
.735E+03    .394E-03
.740E+03    .394E-03
.744E+03    .394E-03
.749E+03    .394E-03
.750E+03    .396E-03
.754E+03    .395E-03
.759E+03    .395E-03
.763E+03    .395E-03
.768E+03    .397E-03
.772E+03    .397E-03
.776E+03    .397E-03
.781E+03    .397E-03
.785E+03    .399E-03
.790E+03    .400E-03
.794E+03    .401E-03
.799E+03    .402E-03
.800E+03    .403E-03
.804E+03    .402E-03
.809E+03    .402E-03
.813E+03    .402E-03
.818E+03    .402E-03
.822E+03    .400E-03
.826E+03    .399E-03
.831E+03    .397E-03
.835E+03    .396E-03
.840E+03    .394E-03
.844E+03    .393E-03
.848E+03    .391E-03
.850E+03    .391E-03
.854E+03    .388E-03
.859E+03    .388E-03
.863E+03    .388E-03
.868E+03    .386E-03
.872E+03    .386E-03
.877E+03    .385E-03
.881E+03    .384E-03
.886E+03    .384E-03
.890E+03    .383E-03
.895E+03    .382E-03
.899E+03    .380E-03
.900E+03    .380E-03
.904E+03    .377E-03
.909E+03    .377E-03
.913E+03    .376E-03
.918E+03    .375E-03
.923E+03    .374E-03
.927E+03    .374E-03
.931E+03    .373E-03
.936E+03    .372E-03
.940E+03    .372E-03
.945E+03    .372E-03
.949E+03    .371E-03
.950E+03    .372E-03
.954E+03    .370E-03
.959E+03    .369E-03
.964E+03    .367E-03
.968E+03    .367E-03
.973E+03    .365E-03
.977E+03    .364E-03
.982E+03    .363E-03
.986E+03    .362E-03
.991E+03    .361E-03
.995E+03    .359E-03
.100E+04    .359E-03
.100E+04    .359E-03
.100E+04    .357E-03
.101E+04    .357E-03
.101E+04    .356E-03
.102E+04    .355E-03
.102E+04    .354E-03
.103E+04    .354E-03
.103E+04    .354E-03
.104E+04    .353E-03
.104E+04    .352E-03
.105E+04    .350E-03
.105E+04    .350E-03
.105E+04    .349E-03
.106E+04    .348E-03
.106E+04    .348E-03
.107E+04    .348E-03
.107E+04    .349E-03
.108E+04    .349E-03
.108E+04    .349E-03
.109E+04    .349E-03
.109E+04    .348E-03
.110E+04    .348E-03
.110E+04    .347E-03
.110E+04    .347E-03
.111E+04    .346E-03
.111E+04    .346E-03
.112E+04    .345E-03
.112E+04    .344E-03
.113E+04    .344E-03
.113E+04    .344E-03
.114E+04    .345E-03
.114E+04    .345E-03
.115E+04    .345E-03
.115E+04    .345E-03
.115E+04    .344E-03
.116E+04    .344E-03
.116E+04    .342E-03
.117E+04    .340E-03
.117E+04    .338E-03
.118E+04    .338E-03
.118E+04    .337E-03
.119E+04    .335E-03
.119E+04    .335E-03
.120E+04    .335E-03
.120E+04    .335E-03
.120E+04    .334E-03
.121E+04    .333E-03
.121E+04    .332E-03
.122E+04    .330E-03
.122E+04    .328E-03
.123E+04    .326E-03
.124E+04    .324E-03
.124E+04    .322E-03
.125E+04    .322E-03
.125E+04    .322E-03
.126E+04    .321E-03
.126E+04    .321E-03
.127E+04    .320E-03
.127E+04    .319E-03
.128E+04    .319E-03
.128E+04    .318E-03
.129E+04    .318E-03
.129E+04    .316E-03
.130E+04    .314E-03
.130E+04    .312E-03
.131E+04    .311E-03
.131E+04    .308E-03
.132E+04    .307E-03
.132E+04    .307E-03
.133E+04    .307E-03
.133E+04    .307E-03
.134E+04    .307E-03
.134E+04    .306E-03
.135E+04    .305E-03
.135E+04    .306E-03
.136E+04    .305E-03
.136E+04    .304E-03
.137E+04    .304E-03
.137E+04    .304E-03
.138E+04    .303E-03
.138E+04    .301E-03
.139E+04    .300E-03
.139E+04    .297E-03
.140E+04    .295E-03
.140E+04    .295E-03
.141E+04    .295E-03
.141E+04    .295E-03
.142E+04    .295E-03
.142E+04    .295E-03
.143E+04    .295E-03
.143E+04    .294E-03
.144E+04    .294E-03
.144E+04    .293E-03
.145E+04    .293E-03
.145E+04    .293E-03
.146E+04    .292E-03
.146E+04    .291E-03
.147E+04    .290E-03
.147E+04    .289E-03
.148E+04    .288E-03
.148E+04    .287E-03
.149E+04    .285E-03
.149E+04    .283E-03
.150E+04    .283E-03
.151E+04    .283E-03
.151E+04    .283E-03
.152E+04    .283E-03
.152E+04    .282E-03
.153E+04    .282E-03
.153E+04    .282E-03
.154E+04    .282E-03
.155E+04    .282E-03
.155E+04    .282E-03
.156E+04    .281E-03
.156E+04    .280E-03
.157E+04    .280E-03
.157E+04    .279E-03
.158E+04    .278E-03
.158E+04    .278E-03
.159E+04    .278E-03
.160E+04    .278E-03
.160E+04    .277E-03
.161E+04    .276E-03
.161E+04    .275E-03
.162E+04    .274E-03
.162E+04    .273E-03
.163E+04    .271E-03
.164E+04    .270E-03
.164E+04    .268E-03
.165E+04    .268E-03
.165E+04    .268E-03
.166E+04    .267E-03
.166E+04    .266E-03
.167E+04    .265E-03
.167E+04    .265E-03
.168E+04    .264E-03
.169E+04    .262E-03
.169E+04    .260E-03
.170E+04    .259E-03
.170E+04    .259E-03
.171E+04    .257E-03
.171E+04    .255E-03
.172E+04    .254E-03
.173E+04    .252E-03
.173E+04    .251E-03
.174E+04    .251E-03
.174E+04    .250E-03
.175E+04    .249E-03
.176E+04    .248E-03
.176E+04    .248E-03
.177E+04    .247E-03
.178E+04    .246E-03
.178E+04    .245E-03
.179E+04    .244E-03
.180E+04    .243E-03
.180E+04    .244E-03
.181E+04    .243E-03
.181E+04    .243E-03
.182E+04    .242E-03
.183E+04    .241E-03
.183E+04    .241E-03
.184E+04    .240E-03
.185E+04    .239E-03
.185E+04    .239E-03
.186E+04    .238E-03
.186E+04    .237E-03
.187E+04    .236E-03
.188E+04    .236E-03
.188E+04    .235E-03
.189E+04    .235E-03
.190E+04    .235E-03
.190E+04    .235E-03
.191E+04    .234E-03
.191E+04    .234E-03
.192E+04    .234E-03
.193E+04    .233E-03
.193E+04    .233E-03
.194E+04    .232E-03
.195E+04    .232E-03
.195E+04    .232E-03
.196E+04    .231E-03
.196E+04    .230E-03
.197E+04    .229E-03
.198E+04    .228E-03
.198E+04    .227E-03
.199E+04    .226E-03
.200E+04    .225E-03
.200E+04    .225E-03
