   0.    6.73155E-04
     2.00000E-02    6.73851E-04
     6.00000E-02    6.74901E-04
    0.140000    6.77031E-04
    0.300000    6.81988E-04
    0.620000    6.91956E-04
     1.26000    7.13894E-04
     2.54000    7.57175E-04
     3.82000    8.02558E-04
     5.10000    8.50982E-04
     6.38000    9.03356E-04
     7.66000    9.57615E-04
     8.94000    1.01587E-03
    10.22000    1.07634E-03
     11.5000    1.14064E-03
     12.7800    1.20738E-03
     14.0600    1.27937E-03
     15.3400    1.35334E-03
     16.6200    1.43267E-03
     17.9000    1.51633E-03
     19.1800    1.60360E-03
     19.8200    1.64575E-03
     20.4600    1.69045E-03
     21.1000    1.73748E-03
     21.7400    1.78506E-03
     22.3800    1.83423E-03
     23.0200    1.88393E-03
     23.6600    1.93560E-03
     24.3000    1.98754E-03
     24.9400    2.04162E-03
     25.5800    2.09626E-03
     26.2200    2.15008E-03
     26.8600    2.20590E-03
     27.5000    2.26259E-03
     28.1400    2.32045E-03
     28.7800    2.38020E-03
     29.4200    2.44042E-03
     30.0600    2.50237E-03
     30.7000    2.56598E-03
     31.3400    2.62945E-03
     31.9800    2.69444E-03
     32.6200    2.75946E-03
     33.2600    2.82353E-03
     33.9000    2.89001E-03
     34.5400    2.95800E-03
     35.1800    3.02763E-03
     35.8200    3.09781E-03
     36.1400    3.12604E-03
     36.4600    3.16109E-03
     36.7800    3.19757E-03
     37.1000    3.23448E-03
     37.4200    3.27071E-03
     37.7400    3.30836E-03
     38.0600    3.34489E-03
     38.3800    3.38149E-03
     38.7000    3.41927E-03
     39.0200    3.45628E-03
     39.3400    3.49345E-03
     39.6600    3.52998E-03
     39.9800    3.56491E-03
     40.3000    3.60243E-03
     40.6200    3.64025E-03
     40.9400    3.67887E-03
     41.2600    3.71825E-03
     41.5800    3.75821E-03
     41.9000    3.79844E-03
     42.2200    3.83872E-03
     42.5400    3.87886E-03
     42.8600    3.92062E-03
     43.1800    3.96267E-03
     43.5000    4.00435E-03
     43.8200    4.04746E-03
     44.1400    4.08942E-03
     44.4600    4.13291E-03
     44.7800    4.17707E-03
     45.1000    4.22090E-03
     45.4200    4.26379E-03
     45.7400    4.30799E-03
     46.0600    4.35159E-03
     46.3800    4.39345E-03
     46.7000    4.43514E-03
     47.0200    4.47756E-03
     47.3400    4.52522E-03
     47.6600    4.57154E-03
     47.9800    4.61706E-03
     48.3000    4.66317E-03
     48.6200    4.71378E-03
     48.9400    4.76270E-03
     49.2600    4.81057E-03
     49.5800    4.86015E-03
     49.9000    4.91292E-03
     50.2200    4.96367E-03
     50.5400    5.01401E-03
     50.8600    5.06543E-03
     51.1800    5.11704E-03
     51.5000    5.16572E-03
     51.8200    5.21553E-03
     52.1400    5.27282E-03
     52.4600    5.32865E-03
     52.7800    5.38380E-03
     53.1000    5.44015E-03
     53.4200    5.50288E-03
     53.7400    5.56152E-03
     54.0600    5.61827E-03
     54.3800    5.68353E-03
     54.7000    5.74615E-03
     55.0200    5.80691E-03
     55.3400    5.86768E-03
     55.6600    5.93349E-03
     55.9800    5.99344E-03
     56.3000    6.05320E-03
     56.6200    6.12618E-03
     56.9400    6.19355E-03
     57.2600    6.25854E-03
     57.5800    6.33156E-03
     57.9000    6.40600E-03
     58.2200    6.47474E-03
     58.5400    6.54820E-03
     58.8600    6.62783E-03
     59.1800    6.70171E-03
     59.5000    6.77326E-03
     59.8200    6.85787E-03
     60.1400    6.93152E-03
     60.4600    6.99842E-03
     60.7800    7.08730E-03
     61.1000    7.16487E-03
     61.4200    7.23881E-03
     61.7400    7.32941E-03
     61.9000    7.38631E-03
     62.0600    7.42494E-03
     62.2200    7.46267E-03
     62.3800    7.50524E-03
     62.5400    7.55352E-03
     62.7000    7.59758E-03
     62.8600    7.64026E-03
     63.0200    7.68076E-03
     63.1800    7.71944E-03
     63.3400    7.75832E-03
     63.5000    7.80806E-03
     63.6600    7.85495E-03
     63.8200    7.89894E-03
     63.9800    7.94001E-03
     64.1400    7.97903E-03
     64.3000    8.01618E-03
     64.4600    8.06544E-03
     64.6200    8.11394E-03
     64.7800    8.15806E-03
     64.9400    8.19800E-03
     65.1000    8.23686E-03
     65.2600    8.27379E-03
     65.4200    8.31875E-03
     65.5800    8.36796E-03
     65.7400    8.41067E-03
     65.9000    8.44922E-03
     66.0600    8.48543E-03
     66.2200    8.52157E-03
     66.3800    8.56028E-03
     66.5400    8.60926E-03
     66.7000    8.65041E-03
     66.8600    8.69020E-03
     67.0200    8.72679E-03
     67.1800    8.76062E-03
     67.3400    8.79144E-03
     67.5000    8.83719E-03
     67.6600    8.87824E-03
     67.8200    8.91767E-03
     67.9800    8.95244E-03
     68.1400    8.98274E-03
     68.3000    9.01185E-03
     68.4600    9.04795E-03
     68.6200    9.08974E-03
     68.7800    9.12611E-03
     68.9400    9.15782E-03
     69.1000    9.18442E-03
     69.2600    9.20960E-03
     69.4200    9.23312E-03
     69.5800    9.26603E-03
     69.7400    9.30027E-03
     69.9000    9.32478E-03
     70.0600    9.34821E-03
     70.2200    9.36849E-03
     70.3800    9.38548E-03
     70.5400    9.39958E-03
     70.7000    9.42488E-03
     70.8600    9.44637E-03
     71.0200    9.46462E-03
     71.1800    9.47931E-03
     71.3400    9.48841E-03
     71.5000    9.49143E-03
     71.6600    9.49316E-03
     71.8200    9.50940E-03
     71.9800    9.52079E-03
     72.1400    9.52741E-03
     72.3000    9.52544E-03
     72.4600    9.51708E-03
     72.6200    9.51102E-03
     72.7800    9.50124E-03
     72.9400    9.49867E-03
     73.1000    9.49769E-03
     73.2600    9.48826E-03
     73.4200    9.47106E-03
     73.5800    9.45526E-03
     73.7400    9.43704E-03
     73.9000    9.41442E-03
     74.0600    9.38702E-03
     74.2200    9.36415E-03
     74.3800    9.34119E-03
     74.5400    9.31584E-03
     74.7000    9.29033E-03
     74.8600    9.25702E-03
     75.0200    9.22112E-03
     75.1800    9.18652E-03
     75.3400    9.14246E-03
     75.5000    9.09496E-03
     75.6600    9.06168E-03
     75.8200    9.02898E-03
     75.9800    8.99278E-03
     76.1400    8.95278E-03
     76.3000    8.90577E-03
     76.4600    8.85734E-03
     76.6200    8.80843E-03
     76.7800    8.75121E-03
     76.9400    8.69432E-03
     77.1000    8.65092E-03
     77.2600    8.60694E-03
     77.4200    8.56454E-03
     77.5800    8.52009E-03
     77.7400    8.47671E-03
     77.9000    8.42786E-03
     78.0600    8.37855E-03
     78.2200    8.32459E-03
     78.3800    8.26847E-03
     78.5400    8.21546E-03
     78.7000    8.16294E-03
     78.8600    8.11712E-03
     79.0200    8.07064E-03
     79.1800    8.02357E-03
     79.3400    7.98216E-03
     79.5000    7.93629E-03
     79.6600    7.89182E-03
     79.8200    7.84486E-03
     79.9800    7.80032E-03
     80.1400    7.75856E-03
     80.3000    7.71328E-03
     80.4600    7.67647E-03
     80.6200    7.64012E-03
     80.7800    7.59985E-03
     80.9400    7.55740E-03
     81.1000    7.51585E-03
     81.2600    7.47235E-03
     81.4200    7.42964E-03
     81.5800    7.38732E-03
     81.7400    7.34224E-03
     81.9000    7.30063E-03
     82.0600    7.25983E-03
     82.2200    7.22256E-03
     82.3800    7.18981E-03
     82.5400    7.15930E-03
     82.7000    7.12806E-03
     82.8600    7.09705E-03
     83.0200    7.06710E-03
     83.1800    7.03507E-03
     83.3400    7.00327E-03
     83.5000    6.97331E-03
     83.6600    6.94381E-03
     83.8200    6.91445E-03
     83.9800    6.88486E-03
     84.1400    6.85292E-03
     84.3000    6.82338E-03
     84.4600    6.79287E-03
     84.6200    6.76637E-03
     84.7800    6.74282E-03
     84.9400    6.71774E-03
     85.1000    6.69390E-03
     85.2600    6.66923E-03
     85.4200    6.64261E-03
     85.5800    6.61603E-03
     85.7400    6.58958E-03
     85.9000    6.56388E-03
     86.0600    6.53981E-03
     86.2200    6.51456E-03
     86.3800    6.48807E-03
     86.5400    6.46171E-03
     86.7000    6.43550E-03
     86.8600    6.40988E-03
     87.0200    6.38445E-03
     87.3400    6.33396E-03
     87.6600    6.29040E-03
     87.9800    6.24591E-03
     88.3000    6.19932E-03
     88.6200    6.15531E-03
     88.9400    6.10995E-03
     89.2600    6.06387E-03
     89.5800    6.01836E-03
     89.9000    5.97189E-03
     90.2200    5.92609E-03
     90.5400    5.88141E-03
     90.8600    5.84151E-03
     91.1800    5.80017E-03
     91.5000    5.76077E-03
     91.8200    5.72074E-03
     92.1400    5.67877E-03
     92.4600    5.63692E-03
     92.7800    5.59680E-03
     93.1000    5.55594E-03
     93.4200    5.51488E-03
     93.7400    5.47413E-03
     94.0600    5.43390E-03
     94.3800    5.39273E-03
     94.7000    5.35889E-03
     95.0200    5.32189E-03
     95.3400    5.28701E-03
     95.6600    5.24914E-03
     95.9800    5.21415E-03
     96.3000    5.17752E-03
     96.6200    5.14083E-03
     96.9400    5.10436E-03
     97.2600    5.06891E-03
     97.5800    5.03301E-03
     97.9000    4.99857E-03
     98.2200    4.96240E-03
     98.5400    4.92833E-03
     98.8600    4.89340E-03
     99.1800    4.85913E-03
     99.5000    4.82546E-03
     99.8200    4.79337E-03
    100.1400    4.76262E-03
    100.4600    4.73261E-03
    100.7800    4.70216E-03
    101.1000    4.67245E-03
    101.4200    4.64251E-03
    101.7400    4.61289E-03
    102.0600    4.58360E-03
    102.3800    4.55390E-03
    102.7000    4.52523E-03
    103.0200    4.49733E-03
    103.3400    4.46770E-03
    103.6600    4.43796E-03
    103.9800    4.40936E-03
    104.3000    4.38266E-03
    104.6200    4.35643E-03
    104.9400    4.32938E-03
     105.260    4.30157E-03
     105.580    4.27331E-03
     105.900    4.24683E-03
     106.220    4.22212E-03
     106.540    4.19716E-03
     106.860    4.17135E-03
     107.180    4.14615E-03
     107.500    4.12150E-03
     107.820    4.09790E-03
     108.140    4.07467E-03
     108.460    4.05141E-03
     108.780    4.02889E-03
     109.100    4.00619E-03
     109.420    3.98352E-03
     109.740    3.95938E-03
     110.060    3.93620E-03
     110.380    3.91392E-03
     110.700    3.89302E-03
     111.020    3.87131E-03
     111.340    3.85086E-03
     111.660    3.82836E-03
     112.300    3.78114E-03
     112.940    3.74204E-03
     113.580    3.70208E-03
     114.220    3.65958E-03
     114.860    3.62029E-03
     115.500    3.58222E-03
     116.140    3.54549E-03
     116.780    3.50921E-03
     117.420    3.47301E-03
     118.060    3.43659E-03
     118.700    3.40214E-03
     119.340    3.36856E-03
     119.980    3.33729E-03
     120.620    3.30622E-03
     121.260    3.27447E-03
     121.900    3.24351E-03
     122.540    3.21543E-03
     123.180    3.18689E-03
     123.820    3.15939E-03
     124.460    3.12987E-03
     125.100    3.10026E-03
     125.740    3.07287E-03
     126.380    3.04754E-03
     127.020    3.02043E-03
     127.660    2.99370E-03
     128.300    2.96884E-03
     128.940    2.94172E-03
     129.580    2.91590E-03
     130.220    2.89040E-03
     130.860    2.86580E-03
     131.500    2.84297E-03
     132.140    2.82072E-03
     132.780    2.79690E-03
     133.420    2.77257E-03
     134.060    2.75167E-03
     134.700    2.73057E-03
     135.340    2.70987E-03
     135.980    2.68864E-03
     136.620    2.66887E-03
     137.260    2.65138E-03
     137.900    2.63246E-03
     138.540    2.61387E-03
     139.180    2.59460E-03
     139.820    2.57385E-03
     140.460    2.55512E-03
     141.100    2.53754E-03
     141.740    2.51799E-03
     142.380    2.49985E-03
     143.020    2.48115E-03
     143.660    2.46686E-03
     144.300    2.45015E-03
     144.940    2.43384E-03
     145.580    2.41542E-03
     146.220    2.39919E-03
     146.860    2.38359E-03
     147.500    2.36705E-03
     148.140    2.35150E-03
     148.780    2.33531E-03
     149.420    2.31813E-03
     150.060    2.30258E-03
     150.700    2.28848E-03
     151.340    2.27496E-03
     151.980    2.26043E-03
     152.620    2.24537E-03
     153.260    2.23166E-03
     153.900    2.21969E-03
     154.540    2.20686E-03
     155.180    2.19289E-03
     155.820    2.17968E-03
     156.460    2.16524E-03
     157.100    2.15163E-03
     157.740    2.13872E-03
     158.380    2.12557E-03
     159.020    2.11229E-03
     159.660    2.09902E-03
     160.300    2.08432E-03
     160.940    2.07117E-03
     161.580    2.06020E-03
     162.220    2.04870E-03
     162.860    2.03642E-03
     163.500    2.02435E-03
     164.140    2.01107E-03
     164.780    1.99867E-03
     165.420    1.98896E-03
     166.060    1.97846E-03
     166.700    1.96677E-03
     167.340    1.95604E-03
     167.980    1.94443E-03
     168.620    1.93287E-03
     169.260    1.92359E-03
     169.900    1.91393E-03
     170.540    1.90473E-03
     171.180    1.89443E-03
     171.820    1.88351E-03
     172.460    1.87298E-03
     173.100    1.86210E-03
     173.740    1.85260E-03
     174.380    1.84328E-03
     175.020    1.83289E-03
     175.660    1.82161E-03
     176.300    1.81061E-03
     176.940    1.79989E-03
     177.580    1.79107E-03
     178.220    1.78296E-03
     178.860    1.77294E-03
     179.500    1.76316E-03
     180.140    1.75371E-03
     180.780    1.74371E-03
     181.420    1.73385E-03
     182.060    1.72438E-03
     182.700    1.71671E-03
     183.340    1.70870E-03
     183.980    1.70044E-03
     184.620    1.69170E-03
     185.260    1.68273E-03
     185.900    1.67338E-03
     186.540    1.66502E-03
     187.180    1.65806E-03
     187.820    1.65129E-03
     188.460    1.64406E-03
     189.100    1.63508E-03
     189.740    1.62626E-03
     190.380    1.61741E-03
     191.020    1.60824E-03
     191.660    1.60012E-03
     192.300    1.59415E-03
     192.940    1.58772E-03
     193.580    1.58011E-03
     194.220    1.57186E-03
     194.860    1.56447E-03
     195.500    1.55604E-03
     196.140    1.54820E-03
     196.780    1.54011E-03
     197.420    1.53402E-03
     198.060    1.52657E-03
     198.700    1.51959E-03
     199.340    1.51270E-03
     199.980    1.50466E-03
     200.620    1.49688E-03
     201.260    1.48968E-03
     201.900    1.48067E-03
     202.540    1.47392E-03
     203.180    1.46806E-03
     203.820    1.46236E-03
     204.460    1.45593E-03
     205.100    1.44849E-03
     205.740    1.44096E-03
     206.380    1.43302E-03
     207.020    1.42457E-03
     207.660    1.41676E-03
     208.300    1.40956E-03
     208.940    1.40414E-03
     209.580    1.39774E-03
     210.220    1.39067E-03
     210.860    1.38352E-03
     211.500    1.37718E-03
     212.140    1.36975E-03
     212.780    1.36289E-03
     213.420    1.35607E-03
     214.060    1.34915E-03
     214.700    1.34407E-03
     215.340    1.33843E-03
     215.980    1.33265E-03
     216.620    1.32749E-03
     217.260    1.32197E-03
     218.540    1.30749E-03
     219.820    1.29522E-03
     221.100    1.28140E-03
     222.380    1.26985E-03
     223.660    1.26072E-03
     224.940    1.24938E-03
     226.220    1.23799E-03
     227.500    1.22522E-03
     228.780    1.21301E-03
     230.060    1.20384E-03
     231.340    1.19488E-03
     232.620    1.18352E-03
     233.900    1.17317E-03
     235.180    1.16248E-03
     236.460    1.15118E-03
     237.740    1.14119E-03
     239.020    1.13220E-03
     240.300    1.12290E-03
     241.580    1.11283E-03
     242.860    1.10158E-03
     244.140    1.09248E-03
     245.420    1.08132E-03
     246.700    1.07170E-03
     247.980    1.06454E-03
     249.260    1.05763E-03
     250.540    1.04857E-03
     251.820    1.03931E-03
     253.100    1.03057E-03
     254.380    1.02140E-03
     255.660    1.01290E-03
     256.940    1.00382E-03
     258.220    9.97037E-04
     259.500    9.90427E-04
     260.780    9.82602E-04
     262.060    9.75680E-04
     263.340    9.67667E-04
     264.620    9.60044E-04
     265.900    9.51990E-04
     267.180    9.43859E-04
     268.460    9.34990E-04
     269.740    9.26928E-04
     271.020    9.21691E-04
     272.300    9.15175E-04
     273.580    9.09637E-04
     274.860    9.02312E-04
     276.140    8.95291E-04
     277.420    8.88178E-04
     278.700    8.81257E-04
     279.980    8.74047E-04
     281.260    8.66775E-04
     282.540    8.59404E-04
     283.820    8.52590E-04
     285.100    8.45789E-04
     286.380    8.40484E-04
     287.660    8.35253E-04
     288.940    8.29563E-04
     290.220    8.24724E-04
     291.500    8.19238E-04
     292.780    8.13859E-04
     294.060    8.08598E-04
     295.340    8.02464E-04
     296.620    7.95981E-04
     297.900    7.89971E-04
     299.180    7.84830E-04
     300.460    7.79751E-04
     301.740    7.73537E-04
     303.020    7.67987E-04
     304.300    7.62162E-04
     305.580    7.56591E-04
     306.860    7.53116E-04
     308.140    7.49572E-04
     309.420    7.45036E-04
     310.700    7.40994E-04
     311.980    7.37341E-04
     313.260    7.33390E-04
     314.540    7.28611E-04
     315.820    7.24367E-04
     317.100    7.19884E-04
     318.380    7.15210E-04
     319.660    7.10505E-04
     320.940    7.06660E-04
     322.220    7.02413E-04
     323.500    6.97950E-04
     324.780    6.93865E-04
     326.060    6.89785E-04
     327.340    6.85619E-04
     328.620    6.81786E-04
     329.900    6.77533E-04
     331.180    6.73831E-04
     332.460    6.69950E-04
     333.740    6.66311E-04
     335.020    6.62791E-04
     336.300    6.59920E-04
     337.580    6.58112E-04
     338.860    6.55117E-04
     340.140    6.52374E-04
     341.420    6.49833E-04
     342.700    6.47573E-04
     343.980    6.44860E-04
     345.260    6.41660E-04
     346.540    6.38555E-04
     347.820    6.35513E-04
     349.100    6.33045E-04
     350.380    6.30174E-04
     351.660    6.27507E-04
     352.940    6.25011E-04
     354.220    6.22425E-04
     355.500    6.19703E-04
     356.780    6.16678E-04
     358.060    6.13856E-04
     359.340    6.11059E-04
     360.620    6.08395E-04
     361.900    6.05854E-04
     363.180    6.03291E-04
     364.460    6.00741E-04
     365.740    5.98484E-04
     367.020    5.96037E-04
     368.300    5.93907E-04
     369.580    5.91702E-04
     370.860    5.89284E-04
     372.140    5.87687E-04
     373.420    5.85477E-04
     374.700    5.83599E-04
     375.980    5.81270E-04
     377.260    5.78487E-04
     378.540    5.76104E-04
     379.820    5.73962E-04
     381.100    5.72103E-04
     382.380    5.70170E-04
     383.660    5.68058E-04
     384.940    5.65848E-04
     386.220    5.63881E-04
     387.500    5.61326E-04
     388.780    5.59350E-04
     390.060    5.57588E-04
     391.340    5.56308E-04
     392.620    5.55602E-04
     393.900    5.54463E-04
     395.180    5.53218E-04
     396.460    5.52290E-04
     397.740    5.50614E-04
     399.020    5.49136E-04
     400.300    5.47690E-04
     401.580    5.45487E-04
     402.860    5.43789E-04
     404.140    5.42263E-04
     405.420    5.41099E-04
     406.700    5.40326E-04
     407.980    5.40053E-04
     409.260    5.39390E-04
     410.540    5.38652E-04
     411.820    5.37824E-04
     413.100    5.36880E-04
     414.380    5.35575E-04
     415.660    5.34117E-04
     416.940    5.32669E-04
     418.220    5.31527E-04
     419.500    5.30698E-04
     420.780    5.29691E-04
     422.060    5.28368E-04
     423.340    5.27842E-04
     424.620    5.27454E-04
     425.900    5.26801E-04
     427.180    5.26256E-04
     428.460    5.24706E-04
     429.740    5.23657E-04
     431.020    5.22311E-04
     432.300    5.21042E-04
     433.580    5.19626E-04
     434.860    5.18555E-04
     436.140    5.17170E-04
     437.420    5.16024E-04
     438.700    5.15155E-04
     439.980    5.14314E-04
     441.260    5.13554E-04
     442.540    5.12371E-04
     443.820    5.11643E-04
     445.100    5.10723E-04
     446.380    5.09699E-04
     447.660    5.08145E-04
     448.940    5.06882E-04
     450.220    5.05621E-04
     451.500    5.04520E-04
     452.780    5.03207E-04
     454.060    5.01843E-04
     455.340    5.00539E-04
     456.620    4.99349E-04
     457.900    4.98142E-04
     459.180    4.96648E-04
     460.460    4.95858E-04
     461.740    4.94964E-04
     463.020    4.93599E-04
     464.300    4.92425E-04
     465.580    4.91524E-04
     466.860    4.90414E-04
     468.140    4.88887E-04
     469.420    4.87734E-04
     470.700    4.86787E-04
     471.980    4.85542E-04
     473.260    4.84375E-04
     474.540    4.83331E-04
     475.820    4.81644E-04
     477.100    4.80304E-04
     478.380    4.79146E-04
     479.660    4.78015E-04
     480.940    4.76998E-04
     482.220    4.75707E-04
     483.500    4.74616E-04
     484.780    4.73460E-04
     486.060    4.72551E-04
     487.340    4.71660E-04
     488.620    4.70637E-04
     489.900    4.69561E-04
     491.180    4.68256E-04
     492.460    4.67350E-04
     493.740    4.66174E-04
     495.020    4.65115E-04
     496.300    4.63974E-04
     497.580    4.63108E-04
     498.860    4.62073E-04
     500.140    4.60910E-04
     501.420    4.59887E-04
     502.700    4.59264E-04
     503.980    4.57960E-04
     505.260    4.57009E-04
     506.540    4.55934E-04
     507.820    4.55019E-04
     509.100    4.53888E-04
     510.380    4.52645E-04
     511.660    4.51935E-04
     512.940    4.50528E-04
     514.220    4.49429E-04
     515.500    4.48582E-04
     516.780    4.47516E-04
     518.060    4.46479E-04
     519.340    4.45287E-04
     520.620    4.44231E-04
     521.900    4.43185E-04
     523.180    4.42043E-04
     524.460    4.41153E-04
     525.740    4.40243E-04
     527.020    4.39354E-04
     528.300    4.38433E-04
     529.580    4.37693E-04
     530.860    4.36800E-04
     532.140    4.35916E-04
     533.420    4.35340E-04
     534.700    4.33969E-04
     535.980    4.33063E-04
     537.260    4.32000E-04
     538.540    4.31094E-04
     539.820    4.30029E-04
     541.100    4.28947E-04
     542.380    4.27790E-04
     543.660    4.26635E-04
     544.940    4.25790E-04
     546.220    4.24872E-04
     547.500    4.23717E-04
     548.780    4.22466E-04
     550.060    4.21438E-04
     551.340    4.20781E-04
     552.620    4.20108E-04
     553.900    4.19319E-04
     555.180    4.18469E-04
     556.460    4.17482E-04
     557.740    4.16693E-04
     559.020    4.15721E-04
     560.300    4.15012E-04
     561.580    4.14261E-04
     562.860    4.13411E-04
     564.140    4.12629E-04
     565.420    4.12167E-04
     566.700    4.11610E-04
     567.980    4.11088E-04
     569.260    4.10391E-04
     570.540    4.09590E-04
     571.820    4.08532E-04
     573.100    4.07876E-04
     574.380    4.06955E-04
     575.660    4.06231E-04
     576.940    4.05922E-04
     578.220    4.05335E-04
     579.500    4.03998E-04
     580.780    4.02840E-04
     582.060    4.01899E-04
     583.340    4.00803E-04
     584.620    4.00112E-04
     585.900    3.99581E-04
     587.180    3.98923E-04
     588.460    3.98151E-04
     589.740    3.97045E-04
     591.020    3.96560E-04
     592.300    3.95707E-04
     593.580    3.95184E-04
     594.860    3.94373E-04
     596.140    3.93701E-04
     597.420    3.93120E-04
     598.700    3.92382E-04
     599.980    3.92017E-04
     601.260    3.90903E-04
     602.540    3.90352E-04
     603.820    3.89586E-04
     605.100    3.88760E-04
     606.380    3.87990E-04
     607.660    3.87283E-04
     608.940    3.86622E-04
     610.220    3.85885E-04
     611.500    3.85151E-04
     612.780    3.84496E-04
     614.060    3.83879E-04
     615.340    3.83272E-04
     616.620    3.82414E-04
     617.900    3.81845E-04
     619.180    3.81103E-04
     620.460    3.80646E-04
     621.740    3.80300E-04
     623.020    3.79674E-04
     624.300    3.78869E-04
     625.580    3.78469E-04
     626.860    3.77850E-04
     628.140    3.77080E-04
     629.420    3.76118E-04
     630.700    3.75659E-04
     631.980    3.75216E-04
     633.260    3.74873E-04
     634.540    3.74133E-04
     635.820    3.73730E-04
     637.100    3.73136E-04
     638.380    3.72578E-04
     639.660    3.72085E-04
     640.940    3.71450E-04
     642.220    3.70853E-04
     643.500    3.70291E-04
     644.780    3.69841E-04
     646.060    3.69172E-04
     647.340    3.68512E-04
     648.620    3.67854E-04
     649.900    3.67354E-04
     651.180    3.66650E-04
     652.460    3.65920E-04
     653.740    3.65357E-04
     655.020    3.64747E-04
     656.300    3.64240E-04
     657.580    3.63805E-04
     658.860    3.63359E-04
     660.140    3.62731E-04
     661.420    3.61803E-04
     662.700    3.61249E-04
     663.980    3.60686E-04
     665.260    3.60250E-04
     666.540    3.59672E-04
     667.820    3.59371E-04
     669.100    3.58663E-04
     670.380    3.58397E-04
     671.660    3.57615E-04
     672.940    3.57074E-04
     674.220    3.56717E-04
     675.500    3.55983E-04
     676.780    3.55404E-04
     678.060    3.54935E-04
     679.340    3.54237E-04
     680.620    3.53558E-04
     681.900    3.53353E-04
     683.180    3.52949E-04
     684.460    3.52519E-04
     685.740    3.52201E-04
     687.020    3.51952E-04
     688.300    3.51333E-04
     689.580    3.50853E-04
     690.860    3.50438E-04
     692.140    3.50066E-04
     693.420    3.49587E-04
     694.700    3.49308E-04
     695.980    3.48941E-04
     697.260    3.48458E-04
     698.540    3.47643E-04
     699.820    3.47147E-04
     701.100    3.46783E-04
     702.380    3.46546E-04
     703.660    3.45734E-04
     704.940    3.45694E-04
     706.220    3.45308E-04
     707.500    3.45032E-04
     708.780    3.44589E-04
     710.060    3.44381E-04
     711.340    3.43896E-04
     712.620    3.43515E-04
     713.900    3.43267E-04
     715.180    3.42965E-04
     716.460    3.42702E-04
     717.740    3.42223E-04
     719.020    3.41981E-04
     720.300    3.41832E-04
     721.580    3.41650E-04
     722.860    3.41081E-04
     724.140    3.40838E-04
     725.420    3.40532E-04
     726.700    3.40412E-04
     727.980    3.40115E-04
     729.260    3.39806E-04
     730.540    3.39819E-04
     731.820    3.39725E-04
     733.100    3.39523E-04
     734.380    3.39444E-04
     735.660    3.39263E-04
     736.940    3.39134E-04
     738.220    3.39194E-04
     739.500    3.38990E-04
     740.780    3.39078E-04
     742.060    3.39157E-04
     743.340    3.39231E-04
     744.620    3.38996E-04
     745.900    3.38699E-04
     747.180    3.38765E-04
     748.460    3.38826E-04
     749.740    3.39051E-04
     751.020    3.39138E-04
     752.300    3.39354E-04
     753.580    3.39581E-04
     754.860    3.39689E-04
     756.140    3.40068E-04
     757.420    3.40299E-04
     758.700    3.40653E-04
     759.980    3.40969E-04
     761.260    3.41297E-04
     762.540    3.41617E-04
     763.820    3.41906E-04
     765.100    3.42430E-04
     766.380    3.42698E-04
     767.660    3.43200E-04
     768.940    3.43434E-04
     770.220    3.43808E-04
     771.500    3.44168E-04
     772.780    3.44148E-04
     774.060    3.44265E-04
     775.340    3.44485E-04
     776.620    3.44489E-04
     777.900    3.44523E-04
     779.180    3.44977E-04
     780.460    3.45392E-04
     781.740    3.45281E-04
     783.020    3.45259E-04
     784.300    3.45475E-04
     785.580    3.45638E-04
     786.860    3.45963E-04
     788.140    3.46285E-04
     789.420    3.46613E-04
     790.700    3.47118E-04
     791.980    3.48119E-04
     793.260    3.48744E-04
     794.540    3.49049E-04
     795.820    3.49215E-04
     797.100    3.49280E-04
     798.380    3.49469E-04
     799.660    3.50063E-04
     800.940    3.50826E-04
     802.220    3.50722E-04
     803.500    3.50818E-04
     804.780    3.50802E-04
     806.060    3.51220E-04
     807.340    3.51224E-04
     808.620    3.51276E-04
     809.900    3.50967E-04
     811.180    3.50627E-04
     812.460    3.50426E-04
     813.740    3.50085E-04
     815.020    3.49625E-04
     816.300    3.49137E-04
     817.580    3.49157E-04
     818.860    3.49443E-04
     820.140    3.49547E-04
     821.420    3.49493E-04
     822.700    3.49442E-04
     823.980    3.49374E-04
     825.260    3.49615E-04
     826.540    3.49664E-04
     827.820    3.49833E-04
     829.100    3.50152E-04
     830.380    3.50206E-04
     831.660    3.50625E-04
     832.940    3.51066E-04
     834.220    3.51351E-04
     835.500    3.51717E-04
     836.780    3.52089E-04
     838.060    3.52678E-04
     839.340    3.52674E-04
     840.620    3.53438E-04
     841.900    3.53081E-04
     843.180    3.53073E-04
     844.460    3.53528E-04
     845.740    3.53811E-04
     847.020    3.54309E-04
     848.300    3.54785E-04
     849.580    3.55683E-04
     850.860    3.56134E-04
     852.140    3.57353E-04
     853.420    3.58394E-04
     854.700    3.59445E-04
     855.980    3.60226E-04
     857.260    3.61160E-04
     858.540    3.62120E-04
     859.820    3.63070E-04
     861.100    3.63777E-04
     862.380    3.64496E-04
     863.660    3.65655E-04
     864.940    3.66923E-04
     866.220    3.67984E-04
     867.500    3.68784E-04
     868.780    3.69206E-04
     870.060    3.69520E-04
     871.340    3.70146E-04
     872.620    3.70621E-04
     873.900    3.71800E-04
     875.180    3.73076E-04
     876.460    3.73921E-04
     877.740    3.75364E-04
     879.020    3.76498E-04
     880.300    3.77432E-04
     881.580    3.78118E-04
     882.860    3.78435E-04
     884.140    3.78903E-04
     885.420    3.79419E-04
     886.700    3.80448E-04
     887.980    3.81183E-04
     889.260    3.81882E-04
     890.540    3.82314E-04
     891.820    3.83608E-04
     893.100    3.84498E-04
     894.380    3.84641E-04
     895.660    3.84307E-04
     896.940    3.85331E-04
     898.220    3.86999E-04
     899.500    3.88921E-04
     900.780    3.91037E-04
     902.060    3.92266E-04
     903.340    3.94408E-04
     904.620    3.95960E-04
     905.900    3.97208E-04
     907.180    3.98191E-04
     908.460    3.98242E-04
     909.740    3.97972E-04
     911.020    3.98788E-04
     912.300    3.99713E-04
     913.580    4.00969E-04
     914.860    4.01790E-04
     916.140    4.02879E-04
     917.420    4.04244E-04
     918.700    4.05609E-04
     919.980    4.07321E-04
     921.260    4.07791E-04
     922.540    4.08221E-04
     923.820    4.09540E-04
     925.100    4.10668E-04
     926.380    4.11779E-04
     927.660    4.13062E-04
     928.940    4.14897E-04
     930.220    4.16041E-04
     931.500    4.17136E-04
     932.780    4.18187E-04
     934.060    4.19384E-04
     935.340    4.21004E-04
     936.620    4.22279E-04
     937.900    4.23216E-04
     939.180    4.24369E-04
     940.460    4.26124E-04
     941.740    4.27729E-04
     943.020    4.29346E-04
     944.300    4.30887E-04
     945.580    4.32139E-04
     946.860    4.33984E-04
     948.140    4.34822E-04
     949.420    4.36082E-04
     950.700    4.38024E-04
     951.980    4.39870E-04
     953.260    4.40897E-04
     954.540    4.41567E-04
     955.820    4.42290E-04
     957.100    4.42419E-04
     958.380    4.42594E-04
     959.660    4.43460E-04
     960.940    4.44279E-04
     962.220    4.45267E-04
     963.500    4.46444E-04
     964.780    4.47907E-04
     966.060    4.50850E-04
     967.340    4.52596E-04
     968.620    4.53679E-04
     969.900    4.55175E-04
     971.180    4.55638E-04
     972.460    4.56608E-04
     973.740    4.57293E-04
     975.020    4.57939E-04
     976.300    4.58696E-04
     977.580    4.59268E-04
     978.860    4.60342E-04
     980.140    4.60219E-04
     981.420    4.61234E-04
     982.700    4.62223E-04
     983.980    4.62587E-04
     985.260    4.62781E-04
     986.540    4.63842E-04
     987.820    4.65977E-04
     989.100    4.67163E-04
     990.380    4.68607E-04
     991.660    4.70206E-04
     992.940    4.71332E-04
     994.220    4.73159E-04
     995.500    4.74492E-04
     996.780    4.75408E-04
     998.060    4.76482E-04
     999.340    4.77039E-04
    1000.620    4.77976E-04
    1001.900    4.78240E-04
    1003.180    4.79270E-04
    1004.460    4.79974E-04
    1005.740    4.80042E-04
     1007.02    4.81020E-04
     1008.30    4.82412E-04
     1009.58    4.84626E-04
     1010.86    4.86545E-04
     1012.14    4.88136E-04
     1013.42    4.90274E-04
     1014.70    4.91435E-04
     1015.98    4.91621E-04
     1017.26    4.93320E-04
     1018.54    4.94694E-04
     1019.82    4.95145E-04
     1021.10    4.96291E-04
     1022.38    4.96847E-04
     1023.66    4.97027E-04
     1024.94    4.95891E-04
     1026.22    4.97150E-04
     1027.50    4.98824E-04
     1028.78    4.98909E-04
     1030.06    4.99724E-04
     1031.34    5.00582E-04
     1032.62    5.01983E-04
     1033.90    5.03386E-04
     1035.18    5.05436E-04
     1036.46    5.08325E-04
     1037.74    5.09589E-04
     1039.02    5.10617E-04
     1040.30    5.10807E-04
     1041.58    5.11375E-04
     1042.86    5.12392E-04
     1044.14    5.13874E-04
     1045.42    5.15122E-04
     1046.70    5.15215E-04
     1047.98    5.15161E-04
     1049.26    5.14394E-04
     1050.54    5.15206E-04
     1051.82    5.16639E-04
     1053.10    5.16968E-04
     1054.38    5.17331E-04
     1055.66    5.17669E-04
     1056.94    5.18034E-04
     1058.22    5.17785E-04
     1059.50    5.18486E-04
     1060.78    5.18845E-04
     1062.06    5.21156E-04
     1063.34    5.23526E-04
     1064.62    5.24599E-04
     1065.90    5.24549E-04
     1067.18    5.25162E-04
     1068.46    5.25824E-04
     1069.74    5.27644E-04
     1071.02    5.27987E-04
     1072.30    5.27780E-04
     1073.58    5.27664E-04
     1074.86    5.27451E-04
     1076.14    5.28375E-04
     1077.42    5.30115E-04
     1078.70    5.30531E-04
     1079.98    5.31451E-04
     1081.26    5.31538E-04
     1082.54    5.30596E-04
     1083.82    5.30854E-04
     1085.10    5.30613E-04
     1086.38    5.30677E-04
     1087.66    5.31601E-04
     1088.94    5.30743E-04
     1090.22    5.31351E-04
     1091.50    5.30960E-04
     1092.78    5.30566E-04
     1094.06    5.30180E-04
     1095.34    5.30777E-04
     1096.62    5.30759E-04
     1097.90    5.30918E-04
     1099.18    5.31189E-04
     1100.46    5.31408E-04
     1101.74    5.32799E-04
     1103.02    5.34219E-04
     1104.30    5.34795E-04
     1105.58    5.35590E-04
     1106.86    5.35163E-04
     1108.14    5.34121E-04
     1109.42    5.33796E-04
     1110.70    5.35048E-04
     1111.98    5.34370E-04
     1113.26    5.33245E-04
     1114.54    5.32961E-04
     1115.82    5.33275E-04
     1117.10    5.33381E-04
     1118.38    5.33161E-04
     1119.66    5.32828E-04
     1120.94    5.31955E-04
     1122.22    5.29946E-04
     1123.50    5.28993E-04
     1124.78    5.28872E-04
     1126.06    5.29228E-04
     1127.34    5.28631E-04
     1128.62    5.29359E-04
     1129.90    5.28943E-04
     1131.18    5.27814E-04
     1132.46    5.26189E-04
     1133.74    5.26230E-04
     1135.02    5.26221E-04
     1136.30    5.26292E-04
     1137.58    5.25779E-04
     1138.86    5.24201E-04
     1140.14    5.22648E-04
     1141.42    5.22780E-04
     1142.70    5.22314E-04
     1143.98    5.20504E-04
     1145.26    5.19683E-04
     1146.54    5.17632E-04
     1147.82    5.17128E-04
     1149.10    5.15232E-04
     1150.38    5.13869E-04
     1151.66    5.14714E-04
     1152.94    5.13795E-04
     1154.22    5.12211E-04
     1155.50    5.11843E-04
     1156.78    5.11102E-04
     1158.06    5.10489E-04
     1159.34    5.10251E-04
     1160.62    5.09717E-04
     1161.90    5.07649E-04
     1163.18    5.06580E-04
     1164.46    5.05803E-04
     1165.74    5.05458E-04
     1167.02    5.05154E-04
     1168.30    5.04629E-04
     1169.58    5.02937E-04
     1170.86    5.01769E-04
     1172.14    5.00391E-04
     1173.42    5.00483E-04
     1174.70    5.00731E-04
     1175.98    4.99769E-04
     1177.26    4.99746E-04
     1178.54    4.99239E-04
     1179.82    4.96656E-04
     1181.10    4.95941E-04
     1182.38    4.94952E-04
     1183.66    4.93284E-04
     1184.94    4.92840E-04
     1186.22    4.91710E-04
     1187.50    4.89663E-04
     1188.78    4.88211E-04
     1190.06    4.86506E-04
     1191.34    4.85731E-04
     1192.62    4.84196E-04
     1193.90    4.83798E-04
     1195.18    4.81386E-04
     1196.46    4.80329E-04
     1197.74    4.78641E-04
     1199.02    4.77912E-04
     1200.30    4.77586E-04
     1201.58    4.75649E-04
     1202.86    4.75226E-04
     1204.14    4.74085E-04
     1205.42    4.71177E-04
     1206.70    4.70012E-04
     1207.98    4.68552E-04
     1209.26    4.67563E-04
     1210.54    4.67137E-04
     1211.82    4.66071E-04
     1213.10    4.65675E-04
     1214.38    4.64103E-04
     1215.66    4.61753E-04
     1216.94    4.60795E-04
     1218.22    4.60185E-04
     1219.50    4.59280E-04
     1220.78    4.58741E-04
     1222.06    4.57499E-04
     1223.34    4.55549E-04
     1224.62    4.52700E-04
     1225.90    4.49875E-04
     1227.18    4.49580E-04
     1228.46    4.48701E-04
     1229.74    4.48602E-04
     1231.02    4.46984E-04
     1232.30    4.46348E-04
     1233.58    4.44371E-04
     1234.86    4.42328E-04
     1236.14    4.40627E-04
     1237.42    4.39370E-04
     1238.70    4.38925E-04
     1239.98    4.37534E-04
     1241.26    4.36792E-04
     1242.54    4.35419E-04
     1243.82    4.34386E-04
     1245.10    4.32434E-04
     1246.38    4.30292E-04
     1247.66    4.29858E-04
     1248.94    4.30168E-04
     1250.22    4.29730E-04
     1251.50    4.28622E-04
     1252.78    4.26822E-04
     1254.06    4.24247E-04
     1255.34    4.24090E-04
     1256.62    4.21553E-04
     1257.90    4.20398E-04
     1259.18    4.19873E-04
     1260.46    4.18735E-04
     1261.74    4.16828E-04
     1263.02    4.15769E-04
     1264.30    4.13350E-04
     1265.58    4.11880E-04
     1266.86    4.09414E-04
     1268.14    4.08527E-04
     1269.42    4.07745E-04
     1270.70    4.06606E-04
     1271.98    4.06326E-04
     1273.26    4.04322E-04
     1274.54    4.01992E-04
     1275.82    4.00349E-04
     1277.10    3.98796E-04
     1278.38    3.97604E-04
     1279.66    3.96895E-04
     1280.94    3.96843E-04
     1282.22    3.95802E-04
     1283.50    3.94724E-04
     1284.78    3.93336E-04
     1286.06    3.90865E-04
     1287.34    3.89124E-04
     1288.62    3.87393E-04
     1289.90    3.85984E-04
     1291.18    3.84435E-04
     1292.46    3.83980E-04
     1293.74    3.84027E-04
     1295.02    3.83202E-04
     1296.30    3.82544E-04
     1297.58    3.81075E-04
     1298.86    3.78731E-04
     1300.14    3.76868E-04
     1301.42    3.75413E-04
     1302.70    3.74245E-04
     1303.98    3.73527E-04
     1305.26    3.72319E-04
     1306.54    3.71802E-04
     1307.82    3.70707E-04
     1309.10    3.69641E-04
     1310.38    3.68969E-04
     1311.66    3.68481E-04
     1312.94    3.67227E-04
     1314.22    3.66112E-04
     1315.50    3.64840E-04
     1316.78    3.63739E-04
     1318.06    3.62838E-04
     1319.34    3.61334E-04
     1320.62    3.59826E-04
     1321.90    3.58667E-04
     1323.18    3.57945E-04
     1324.46    3.57972E-04
     1325.74    3.57066E-04
     1327.02    3.55799E-04
     1328.30    3.54764E-04
     1329.58    3.53117E-04
     1330.86    3.51804E-04
     1332.14    3.51245E-04
     1333.42    3.50551E-04
     1334.70    3.49530E-04
     1335.98    3.49062E-04
     1337.26    3.48075E-04
     1338.54    3.48066E-04
     1339.82    3.47078E-04
     1341.10    3.47034E-04
     1342.38    3.45772E-04
     1343.66    3.44034E-04
     1344.94    3.42230E-04
     1346.22    3.41384E-04
     1347.50    3.39883E-04
     1348.78    3.39141E-04
     1350.06    3.38449E-04
     1351.34    3.37317E-04
     1352.62    3.35819E-04
     1353.90    3.35189E-04
     1355.18    3.34240E-04
     1356.46    3.33428E-04
     1357.74    3.31549E-04
     1359.02    3.30552E-04
